-1.23482e-06 1 1.0494e-06 0.900003 1 1.23482e-06 -1.11118e-06 9.28224e-07 -1.11118e-06 1.0494e-06 -1 -2.83449e-06
-2.33124e-06 1 1.88897e-06 1.9 1 2.33124e-06 -2.31124e-06 9.22653e-06 -2.31125e-06 1.88897e-06 -1 -7.46489e-06
-3.50588e-06 1 3.06119e-06 2.89999 1 3.50589e-06 -3.44991e-06 2.75283e-05 -3.44993e-06 3.06118e-06 -1 -4.19383e-05
-4.48849e-06 1 4.03216e-06 3.89999 1 4.48851e-06 -4.37342e-06 4.15577e-05 -4.37344e-06 4.03214e-06 -1 -8.04035e-05
-5.26485e-06 1 5.36873e-06 4.89998 1 5.26488e-06 -5.44553e-06 7.69405e-05 -5.44555e-06 5.3687e-06 -1 -0.00011944
-6.39277e-06 1 6.48745e-06 5.89998 1 6.39281e-06 -6.64732e-06 0.000121089 -6.64736e-06 6.48741e-06 -1 -0.000184035
-7.68773e-06 1 7.29396e-06 6.89998 1 7.68779e-06 -8.19884e-06 0.000176844 -8.1989e-06 7.29389e-06 -1 -0.00026721
-8.65825e-06 1 8.32323e-06 7.89997 1 8.65832e-06 -9.12371e-06 0.000228119 -9.12379e-06 8.32315e-06 -1 -0.000352558
-9.76977e-06 1 9.36679e-06 8.89996 1 9.76986e-06 -1.0134e-05 0.000291134 -1.01341e-05 9.36669e-06 -1 -0.000444241
-1.05257e-05 1 9.99259e-06 9.89996 1 1.05258e-05 -1.11313e-05 0.000358633 -1.11314e-05 9.99247e-06 -1 -0.000560225
-1.1476e-05 1 1.11861e-05 10.8999 1 1.14761e-05 -1.24158e-05 0.000453141 -1.2416e-05 1.11859e-05 -1 -0.000662792
-1.23197e-05 1 1.23814e-05 11.8999 1 1.23198e-05 -1.38829e-05 0.000551472 -1.3883e-05 1.23812e-05 -1 -0.000787423
-1.34172e-05 1 1.18836e-05 12.9 1 1.34174e-05 -1.57614e-05 0.000665765 -1.57616e-05 1.18834e-05 -1 -0.000955688
-1.4303e-05 1 1.326e-05 13.8999 1 1.43032e-05 -1.63718e-05 0.000770708 -1.6372e-05 1.32597e-05 -1 -0.0011256
-1.50642e-05 1 1.45322e-05 14.8999 1 1.50645e-05 -1.77477e-05 0.000891709 -1.77479e-05 1.45319e-05 -1 -0.00130109
-1.62774e-05 1 1.5609e-05 15.8999 1 1.62777e-05 -1.69218e-05 0.000980563 -1.6922e-05 1.56087e-05 -1 -0.00150814
-1.76029e-05 1 1.57267e-05 16.8999 1 1.76032e-05 -1.76522e-05 0.00111157 -1.76525e-05 1.57264e-05 -1 -0.00171274
-1.86086e-05 1 1.59951e-05 17.8998 1 1.86089e-05 -1.83847e-05 0.00124522 -1.8385e-05 1.59947e-05 -1 -0.00190841
-1.96789e-05 1 1.73377e-05 18.8998 1 1.96793e-05 -2.2773e-05 0.0014648 -2.27734e-05 1.73372e-05 -1 -0.00206356
-2.06564e-05 1 1.69242e-05 19.8998 1 2.06568e-05 -2.69576e-05 0.00170203 -2.69579e-05 1.69236e-05 -1 -0.00231142
-2.18576e-05 1 2.09924e-05 20.8997 1 2.18582e-05 -3.11765e-05 0.00195103 -3.1177e-05 2.09917e-05 -1 -0.00255913
-2.26117e-05 1 2.36326e-05 21.8996 1 2.26123e-05 -2.47077e-05 0.00197103 -2.47082e-05 2.3632e-05 -1 -0.00271421
-2.35147e-05 1 2.91779e-05 22.8995 1 2.35155e-05 -2.7139e-05 0.00219848 -2.71396e-05 2.91773e-05 -1 -0.00306697
-2.41566e-05 1 3.40888e-05 23.8993 1 2.41574e-05 -2.20376e-05 0.00225748 -2.20384e-05 3.40883e-05 -1 -0.00333418
-2.50544e-05 1 3.96459e-05 24.8991 1 2.50553e-05 -2.25543e-05 0.00244333 -2.25553e-05 3.96454e-05 -1 -0.0035782
-2.62421e-05 1 3.21613e-05 25.8992 1 2.62428e-05 -2.15297e-05 0.00259187 -2.15306e-05 3.21608e-05 -1 -0.00378317
-2.73941e-05 1 3.57256e-05 26.8991 1 2.73945e-05 -1.31285e-05 0.00255566 -1.31295e-05 3.57253e-05 -1 -0.00413645
-2.82581e-05 1 2.92773e-05 27.8992 1 2.82584e-05 -1.21998e-05 0.00269788 -1.22007e-05 2.92769e-05 -1 -0.00441514
-2.94214e-05 1 3.43556e-05 28.899 1 2.9422e-05 -1.62186e-05 0.00298313 -1.62196e-05 3.43551e-05 -1 -0.00468765
-3.0536e-05 1 2.87288e-05 29.8991 1 3.05364e-05 -1.15166e-05 0.00303495 -1.15175e-05 2.87284e-05 -1 -0.0049123
-3.1367e-05 1 4.16987e-05 30.8987 1 3.13675e-05 -1.09989e-05 0.00320776 -1.10002e-05 4.16983e-05 -1 -0.00529718
-3.24109e-05 1 4.61512e-05 31.8985 1 3.24106e-05 6.57534e-06 0.00288428 6.57384e-06 4.61514e-05 -1 -0.00559915
-3.37206e-05 1 7.01299e-05 32.8977 1 3.37199e-05 9.78576e-06 0.00293928 9.7834e-06 7.01302e-05 -1 -0.00590663
-3.46569e-05 1 7.59754e-05 33.8974 1 3.46545e-05 3.2643e-05 0.00237552 3.26404e-05 7.59765e-05 -1 -0.00629723
-3.54984e-05 1 7.87026e-05 34.8972 1 3.54954e-05 3.75096e-05 0.00232183 3.75068e-05 7.8704e-05 -1 -0.00655648
-3.64652e-05 1 9.37954e-05 35.8965 1 3.64591e-05 6.49285e-05 0.00152063 6.49251e-05 9.37977e-05 -1 -0.00690956
-3.71658e-05 1 0.000116525 36.8955 1 3.71587e-05 6.12685e-05 0.00168276 6.12642e-05 0.000116527 -1 -0.00732824
-3.80962e-05 1 0.000114273 37.8953 1 3.80882e-05 7.04132e-05 0.00139807 7.04088e-05 0.000114276 -1 -0.00783035
-3.90844e-05 1 0.000124149 38.8947 1 3.90776e-05 5.43227e-05 0.0020043 5.43178e-05 0.000124151 -1 -0.00822825
-4.02139e-05 1 0.000130102 39.8942 1 4.02047e-05 7.13255e-05 0.00141928 7.13202e-05 0.000130105 -1 -0.00878259
-4.11086e-05 1 0.000137378 40.8936 1 4.11001e-05 6.20105e-05 0.00177957 6.20049e-05 0.000137381 -1 -0.00951041
-4.21185e-05 1 0.000120192 41.8939 1 4.21146e-05 3.26555e-05 0.00298719 3.26504e-05 0.000120194 -1 -0.00989489
-4.30577e-05 1 0.000101391 42.8944 1 4.30572e-05 4.53671e-06 0.0042438 4.53234e-06 0.000101391 -1 -0.0106223
-4.4037e-05 1 0.000117449 43.8934 1 4.40249e-05 0.000103422 0.000179524 0.000103417 0.000117454 -1 -0.0109575
-4.49911e-05 1 0.00019754 44.8895 1 4.49726e-05 9.38356e-05 0.000520185 9.38267e-05 0.000197544 -1 -0.0113285
-4.60573e-05 1 0.000224252 45.8877 1 4.60454e-05 5.31627e-05 0.00231413 5.31524e-05 0.000224254 -1 -0.0120071
-4.69811e-05 1 0.000139179 46.8911 1 4.6982e-05 -6.66554e-06 0.00516973 -6.67208e-06 0.000139179 -1 -0.0123602
-4.79208e-05 1 0.000188483 47.8883 1 4.79178e-05 1.58726e-05 0.00426179 1.58635e-05 0.000188484 -1 -0.0127991
-4.85336e-05 1 0.00017282 48.8885 1 4.85417e-05 -4.63873e-05 0.00749784 -4.63957e-05 0.000172817 -1 -0.0134863
-4.94244e-05 1 8.55303e-05 49.8925 1 4.9424e-05 3.79983e-06 0.00520285 3.79561e-06 8.55305e-05 -1 -0.0141081
-5.03843e-05 1 0.000103247 50.8912 1 5.03772e-05 6.84924e-05 0.00193933 6.84872e-05 0.000103251 -1 -0.0148445
-5.12579e-05 1 2.59104e-05 51.8951 1 5.12562e-05 6.38972e-05 0.0021823 6.38959e-05 2.59136e-05 -1 -0.0157236
-5.18939e-05 1 1.91684e-05 52.8953 1 5.18923e-05 8.45564e-05 0.00101316 8.45554e-05 1.91728e-05 -1 -0.0161372
-5.27968e-05 1 9.76129e-05 53.8906 1 5.27826e-05 0.000145929 -0.00261542 0.000145924 9.76206e-05 -1 -0.0167996
-5.37607e-05 1 5.20658e-05 54.893 1 5.37533e-05 0.000141554 -0.00259514 0.000141551 5.20734e-05 -1 -0.0172967
-5.48525e-05 1 5.24471e-05 55.8928 1 5.48416e-05 0.000207406 -0.00692239 0.000207403 5.24584e-05 -1 -0.0181534
-5.59489e-05 1 0.000129977 56.8876 1 5.59093e-05 0.000304384 -0.0135622 0.000304376 0.000129994 -1 -0.0192425
-5.69156e-05 1 6.86376e-05 57.8911 1 5.68903e-05 0.000368149 -0.0185082 0.000368145 6.86586e-05 -1 -0.0196269
-5.77963e-05 1 0.000127274 58.8869 1 5.77418e-05 0.000428642 -0.023576 0.000428635 0.000127299 -1 -0.0206202
-5.87981e-05 1 8.77111e-05 59.8891 1 5.87637e-05 0.000391129 -0.0222176 0.000391124 8.77341e-05 -1 -0.0211135
-5.97736e-05 1 7.23909e-05 60.8899 1 5.97432e-05 0.000420708 -0.0254903 0.000420704 7.2416e-05 -1 -0.0213257
-6.0769e-05 1 -6.22614e-05 61.8994 1 6.07982e-05 0.000470242 -0.0303924 0.000470245 -6.22329e-05 -1 -0.0220089
-6.1658e-05 1 -8.8406e-05 62.9015 1 6.16935e-05 0.000401544 -0.0267237 0.00040155 -8.83813e-05 -1 -0.0223115
-6.26759e-05 1 -5.97366e-05 63.8995 1 6.26928e-05 0.000281927 -0.0188127 0.000281931 -5.97189e-05 -1 -0.0229036
-6.37534e-05 1 -0.000207534 64.9114 1 6.38536e-05 0.000482889 -0.0356335 0.000482902 -0.000207503 -1 -0.0232023
-6.48241e-05 1 -0.00034536 65.9232 1 6.49417e-05 0.000340564 -0.025713 0.000340586 -0.000345338 -1 -0.024624
-6.59725e-05 1 -0.000151405 66.9082 1 6.60123e-05 0.000262965 -0.0204709 0.000262975 -0.000151388 -1 -0.0254487
-6.70224e-05 1 -0.000135727 67.9074 1 6.70435e-05 0.00015545 -0.0122431 0.000155459 -0.000135716 -1 -0.0260229
-6.81096e-05 1 0.00034785 68.8655 1 6.80252e-05 0.000242695 -0.0204708 0.000242671 0.000347867 -1 -0.0266055
-6.89432e-05 1 6.9144e-05 69.8892 1 6.89496e-05 -9.26877e-05 0.00876053 -9.26925e-05 6.91376e-05 -1 -0.028165
-6.97739e-05 1 -8.61179e-05 70.9033 1 6.97723e-05 -1.81391e-05 0.00217015 -1.81331e-05 -8.61191e-05 -1 -0.0286345
-7.0775e-05 1 -0.000199151 71.9143 1 7.0849e-05 0.000371425 -0.0346451 0.000371439 -0.000199125 -1 -0.0298203
-7.17501e-05 1 -7.3041e-05 72.9028 1 7.18047e-05 0.000747931 -0.0725418 0.000747936 -7.29874e-05 -1 -0.0310997
-7.2934e-05 1 -7.74779e-05 73.9036 1 7.29961e-05 0.000802743 -0.0809108 0.000802749 -7.74193e-05 -1 -0.0322219
-7.41079e-05 1 -1.69727e-05 74.8977 1 7.4112e-05 0.000240393 -0.0269976 0.000240395 -1.69549e-05 -1 -0.0330535
-7.50945e-05 1 -0.000648247 75.9635 1 7.53022e-05 0.000320512 -0.0364633 0.00032056 -0.000648223 -1 -0.0350854
-7.57779e-05 1 -0.000931162 76.9963 1 7.63428e-05 0.000606697 -0.0683629 0.000606768 -0.000931116 -0.999999 -0.0367087
-7.68006e-05 0.999999 -0.00104835 78.0129 1 7.74905e-05 0.000658088 -0.0765873 0.000658169 -0.00104829 -0.999999 -0.0373304
-7.75139e-05 0.999999 -0.00121821 79.0362 0.999999 7.89246e-05 0.00115801 -0.135235 0.0011581 -0.00121812 -0.999999 -0.0393622
-7.88171e-05 0.999999 -0.00111873 80.0301 1 7.96076e-05 0.000706612 -0.0887467 0.000706701 -0.00111868 -0.999999 -0.0398474
-7.99243e-05 0.999999 -0.00144215 81.0727 1 8.07012e-05 0.000538629 -0.072371 0.000538745 -0.00144211 -0.999999 -0.0405737
-8.07049e-05 0.999998 -0.00173508 82.1141 1 8.20431e-05 0.000771189 -0.102714 0.00077133 -0.00173501 -0.999998 -0.0427095
-8.14905e-05 0.999999 -0.00123437 83.0608 0.999999 8.34901e-05 0.00162003 -0.209906 0.00162013 -0.00123424 -0.999998 -0.0440033
-8.22079e-05 0.999999 -0.00134676 84.0806 0.999998 8.50021e-05 0.00207485 -0.273925 0.00207496 -0.00134659 -0.999997 -0.044578
-8.21204e-05 0.999998 -0.00200986 85.1714 0.999998 8.63111e-05 0.00208508 -0.284726 0.00208525 -0.00200968 -0.999996 -0.0452895
-8.35726e-05 0.999997 -0.00248847 86.2431 0.999999 8.72517e-05 0.00147839 -0.215482 0.0014786 -0.00248835 -0.999996 -0.0466847
-8.45882e-05 0.999996 -0.00297528 87.3196 0.999999 8.82199e-05 0.00122051 -0.188429 0.00122077 -0.00297517 -0.999995 -0.04707
-8.58318e-05 0.999994 -0.00338645 88.3895 1 8.83722e-05 0.000750006 -0.130821 0.000750301 -0.00338638 -0.999994 -0.0478181
-8.82656e-05 0.999995 -0.00317465 89.3765 1 8.79418e-05 -0.000102116 -0.0169589 -0.000101837 -0.00317465 -0.999995 -0.0486949
-9.04858e-05 0.999996 -0.00292638 90.3571 0.999999 8.70527e-05 -0.00117325 0.134141 -0.00117299 -0.00292649 -0.999995 -0.0495856
-9.11366e-05 0.999996 -0.00279678 91.3533 1 8.85582e-05 -0.000922026 0.10243 -0.000921775 -0.00279687 -0.999996 -0.0506427
-9.23121e-05 0.999998 -0.00203855 92.2561 0.999999 8.98555e-05 -0.00120511 0.147562 -0.00120492 -0.00203866 -0.999997 -0.0523538
-9.27257e-05 0.999999 -0.00156406 93.1961 0.999999 9.10013e-05 -0.00110256 0.136999 -0.00110242 -0.00156416 -0.999998 -0.0539
-9.41919e-05 0.999998 -0.00189691 94.2563 0.999999 9.18034e-05 -0.0012592 0.165523 -0.00125903 -0.00189703 -0.999997 -0.0569685
-9.51165e-05 0.999998 -0.00187628 95.2642 0.999999 9.28694e-05 -0.00119767 0.161288 -0.00119749 -0.00187639 -0.999998 -0.058856
-9.56739e-05 0.999999 -0.00135252 96.1918 0.999999 9.40175e-05 -0.00122468 0.170727 -0.00122455 -0.00135264 -0.999998 -0.0597892
-9.53628e-05 0.999997 -0.00262858 97.4079 1 9.62081e-05 0.000321435 -0.0750275 0.000321687 -0.00262855 -0.999996 -0.061234
-9.70998e-05 0.999998 -0.00194059 98.3091 1 9.73451e-05 0.000126316 -0.0447761 0.000126505 -0.00194058 -0.999998 -0.0631501
-9.76785e-05 0.999998 -0.00219013 99.3632 1 9.83612e-05 0.000311612 -0.0771704 0.000311826 -0.0021901 -0.999998 -0.0635102
-9.91895e-05 0.999998 -0.00211822 100.364 1 9.9151e-05 -1.82861e-05 -0.0225312 -1.80761e-05 -0.00211822 -0.999998 -0.0651496
0.00588855 0.999978 -0.00294478 101.522 0.999983 -0.00588822 0.00012044 -0.0494259 0.000103098 -0.00294543 -0.999996 -0.0656517
0.0182061 0.999831 -0.00257259 102.474 0.999834 -0.0182053 0.000346096 -0.102722 0.000299203 -0.00257846 -0.999997 -0.0667818
0.0327259 0.999461 -0.00269269 103.511 0.999464 -0.0327262 -4.71458e-05 -0.0590801 -0.000135242 -0.00268971 -0.999996 -0.0689046
0.0480081 0.998841 -0.00343207 104.664 0.998847 -0.0480072 0.000353281 -0.173767 0.000188108 -0.00344507 -0.999994 -0.0724841
0.0635471 0.997974 -0.00311912 105.625 0.997979 -0.0635467 0.000225727 -0.20815 2.70593e-05 -0.00312716 -0.999995 -0.0733819
0.0791644 0.996857 -0.00317309 106.653 0.996862 -0.0791633 0.000476167 -0.329374 0.000223478 -0.00320083 -0.999995 -0.0762276
0.0947986 0.995495 -0.00194384 107.43 0.995496 -0.0947959 0.00146086 -0.612335 0.00127001 -0.00207357 -0.999997 -0.0788146
0.110415 0.993882 -0.00246594 108.542 0.993885 -0.110412 0.00140988 -0.713028 0.00112898 -0.00260654 -0.999996 -0.0799495
0.126012 0.992027 -0.00192748 109.444 0.992028 -0.126009 0.00114085 -0.785863 0.000888876 -0.00205587 -0.999997 -0.0828699
0.141575 0.989925 -0.00213153 110.491 0.989927 -0.141573 0.000771434 -0.850707 0.000461894 -0.00221928 -0.999997 -0.0841088
0.157105 0.987579 -0.00218328 111.507 0.987581 -0.157103 0.00126743 -1.10906 0.000908688 -0.00235529 -0.999997 -0.0836576
0.172603 0.98499 -0.00140503 112.344 0.984991 -0.172601 0.00139492 -1.31054 0.00113147 -0.0016247 -0.999998 -0.0858462
0.188041 0.982158 -0.00264948 113.608 0.982161 -0.188039 0.0011895 -1.45275 0.000670075 -0.00282589 -0.999996 -0.088339
0.203441 0.979083 -0.00286528 114.655 0.979087 -0.20344 0.000842733 -1.57963 0.000242194 -0.0029768 -0.999996 -0.0903771
0.218815 0.975766 -0.0010319 115.244 0.975766 -0.218814 0.00105811 -1.85036 0.00080667 -0.00123842 -0.999999 -0.0918246
0.23411 0.972209 -0.00134323 116.295 0.97221 -0.23411 -5.40847e-05 -1.8307 -0.000367045 -0.00129324 -0.999999 -0.0918217
0.249355 0.968411 -0.00102997 117.207 0.968412 -0.249355 0.000157617 -2.1237 -0.00010419 -0.00103673 -0.999999 -0.0926622
0.264521 0.964378 -0.00184113 118.382 0.964379 -0.264517 0.00187463 -2.78215 0.00132084 -0.00227143 -0.999997 -0.0968381
0.27962 0.960107 -0.00264911 119.557 0.960109 -0.279613 0.00281035 -3.28571 0.00195751 -0.00332926 -0.999993 -0.10087
0.294656 0.955598 -0.00313909 120.655 0.955601 -0.294646 0.00303888 -3.64391 0.00197903 -0.00389515 -0.99999 -0.101527
0.30962 0.950854 -0.00352975 121.723 0.95086 -0.309615 0.00208732 -3.72911 0.000891876 -0.00400258 -0.999992 -0.102584
0.324526 0.945871 -0.00315982 122.602 0.945877 -0.324523 0.00151546 -3.92023 0.000407995 -0.0034806 -0.999994 -0.102113
0.339329 0.940661 -0.00361334 123.688 0.940667 -0.339324 0.00198941 -4.38033 0.00064527 -0.00407401 -0.999991 -0.103649
0.354081 0.93521 -0.00290278 124.474 0.935214 -0.354075 0.00239902 -4.85278 0.00121578 -0.00356417 -0.999993 -0.106091
0.368728 0.929533 -0.00287123 125.419 0.929537 -0.368724 0.00199724 -5.12651 0.000797813 -0.00340535 -0.999994 -0.105437
0.383291 0.923624 -0.00269073 126.315 0.923628 -0.383289 0.00133745 -5.34332 0.000203975 -0.00299787 -0.999995 -0.106384
0.39775 0.917489 -0.00285358 127.29 0.917493 -0.397751 0.000201459 -5.4359 -0.000950178 -0.00269827 -0.999996 -0.105305
0.412145 0.911116 -0.00219559 128.032 0.911116 -0.412148 -0.0011099 -5.49311 -0.00191615 -0.00154299 -0.999997 -0.100909
0.426425 0.904521 -0.00176169 128.835 0.904521 -0.426427 -0.00142515 -5.82569 -0.00204031 -0.000985763 -0.999997 -0.100681
0.440598 0.897703 -0.00129427 129.623 0.897703 -0.4406 -0.00127382 -6.30166 -0.00171377 -0.000600632 -0.999998 -0.102891
0.454667 0.890661 -0.00087773 130.407 0.89066 -0.454667 -0.00161906 -6.6507 -0.00184111 -4.56277e-05 -0.999998 -0.103037
0.468606 0.883407 -0.000909636 131.303 0.883404 -0.468606 -0.00233587 -6.89594 -0.00248979 0.000291028 -0.999997 -0.0982851
0.482411 0.875944 -0.00114016 132.262 0.875941 -0.482412 -0.00233799 -7.35431 -0.00259798 0.00012916 -0.999997 -0.0970573
0.496124 0.868251 -0.000812429 133.054 0.868249 -0.496125 -0.00209418 -7.90891 -0.00222134 0.000333584 -0.999997 -0.101095
0.509698 0.860353 -0.000709063 133.908 0.860352 -0.509699 -0.00158146 -8.55685 -0.00172202 0.000196025 -0.999998 -0.108105
0.523114 0.852262 -0.000931438 134.871 0.852263 -0.523114 -0.000257035 -9.46771 -0.000706309 -0.000659372 -1 -0.118602
0.536436 0.84394 -0.00112374 135.776 0.84394 -0.536437 -0.00101568 -9.75694 -0.00145999 -0.000403522 -0.999999 -0.113793
0.549612 0.835419 -0.00103818 136.625 0.83542 -0.549613 -4.76563e-05 -10.6023 -0.00061041 -0.000841125 -0.999999 -0.126255
0.562693 0.826666 -0.000856878 137.394 0.826666 -0.562693 -0.00075177 -10.9388 -0.00110362 -0.000285336 -0.999999 -0.12185
0.575585 0.817741 -0.00131036 138.365 0.81774 -0.575586 -0.00120188 -11.3458 -0.00173705 -0.000379753 -0.999998 -0.120106
0.588333 0.808617 -0.00169939 139.317 0.808616 -0.588335 -0.00139165 -11.8481 -0.00212512 -0.000555399 -0.999998 -0.118111
0.600966 0.799273 -0.0015523 140.096 0.799272 -0.600968 -0.00117226 -12.5115 -0.00186984 -0.000536223 -0.999998 -0.123875
0.613484 0.789707 -0.000945402 140.714 0.789707 -0.613484 -0.000803071 -13.2554 -0.00121418 -0.00025392 -0.999999 -0.131383
0.625759 0.780015 -0.00162516 141.742 0.780014 -0.625761 -0.000937661 -13.8025 -0.00174835 -0.000680896 -0.999998 -0.130647
0.638064 0.769983 -0.000444299 142.092 0.769982 -0.638063 -0.00184315 -14.1533 -0.00170269 0.000833945 -0.999998 -0.12758
0.650094 0.759854 -0.000455171 142.854 0.759851 -0.650093 -0.00229205 -14.6281 -0.00203753 0.00114419 -0.999997 -0.12162
0.661951 0.749547 -0.000697436 143.679 0.749542 -0.66195 -0.00295761 -15.0223 -0.00267854 0.00143504 -0.999995 -0.113614
0.673637 0.739062 -0.000655789 144.429 0.739059 -0.673636 -0.00272534 -15.7548 -0.00245596 0.00135122 -0.999996 -0.118993
0.685204 0.728351 -0.000281751 145.03 0.728348 -0.685202 -0.00286726 -16.3778 -0.00228143 0.00175944 -0.999996 -0.121621
0.696604 0.717456 9.54707e-05 145.612 0.717452 -0.696601 -0.003044 -16.9993 -0.00211743 0.00218896 -0.999995 -0.12184
0.707785 0.706428 5.77826e-05 146.341 0.706425 -0.707782 -0.0030862 -17.6629 -0.00213928 0.00222518 -0.999995 -0.12142
0.71874 0.695279 -0.00056621 147.275 0.695274 -0.718738 -0.0033123 -18.2395 -0.00270993 0.00198701 -0.999994 -0.11425
0.729629 0.683843 -0.000168927 147.805 0.683838 -0.729625 -0.0036043 -18.8473 -0.00258803 0.00251428 -0.999993 -0.11046
0.74028 0.672299 -0.00029981 148.529 0.672293 -0.740275 -0.00384187 -19.4565 -0.00280483 0.0026425 -0.999993 -0.105554
0.750668 0.660679 -0.00124406 149.554 0.660669 -0.750665 -0.00425726 -19.961 -0.00374655 0.00237388 -0.99999 -0.0885941
0.760971 0.648784 -0.00135278 150.239 0.648773 -0.760968 -0.00475439 -20.4781 -0.004114 0.00274031 -0.999988 -0.0796531
0.771001 0.636832 -0.00189539 151.121 0.636819 -0.770999 -0.00469376 -21.202 -0.00445048 0.00241187 -0.999987 -0.0723316
0.780992 0.62454 -0.00112075 151.456 0.62453 -0.780987 -0.00460284 -22.0253 -0.00374995 0.00289484 -0.999989 -0.0760156
0.790621 0.612305 -0.00136026 152.237 0.612297 -0.790619 -0.00383188 -23.083 -0.00342172 0.00219668 -0.999992 -0.0816172
0.800015 0.599977 -0.00199719 153.172 0.59997 -0.800016 -0.00318676 -24.0794 -0.00350977 0.0013512 -0.999993 -0.0837562
0.809286 0.587411 -0.00209655 153.867 0.587406 -0.809288 -0.0026542 -25.0788 -0.00325582 0.000916479 -0.999994 -0.0895281
0.818311 0.57477 -0.00242702 154.669 0.574767 -0.818315 -0.0019162 -26.1658 -0.00308744 0.000173081 -0.999995 -0.0987364
0.827337 0.561703 -0.00191855 155.009 0.561699 -0.827339 -0.00234364 -26.8195 -0.00290371 0.000861331 -0.999995 -0.0974268
0.836036 0.548672 -0.00193291 155.609 0.548668 -0.836037 -0.00212675 -27.729 -0.00278287 0.00071751 -0.999996 -0.095324
0.844655 0.535309 -0.00131578 155.87 0.535305 -0.844655 -0.0024487 -28.4553 -0.00242219 0.00136397 -0.999996 -0.0930212
0.852933 0.522019 -0.00117872 156.394 0.522016 -0.852933 -0.00199171 -29.4971 -0.00204508 0.00108349 -0.999997 -0.108357
0.861081 0.508466 -0.00115767 156.87 0.508462 -0.861081 -0.0025279 -30.0948 -0.00228219 0.0015881 -0.999996 -0.0947638
0.868985 0.494838 -0.000917845 157.283 0.494834 -0.868984 -0.00246289 -30.9857 -0.00201632 0.00168603 -0.999997 -0.102028
0.876678 0.481078 -0.000509695 157.616 0.481076 -0.876676 -0.00224323 -31.973 -0.00152601 0.00172139 -0.999997 -0.115198
0.884104 0.467289 -0.000637753 158.168 0.467287 -0.884103 -0.00219366 -32.8453 -0.00158891 0.00164141 -0.999997 -0.114994
0.891305 0.453403 -0.000974436 158.793 0.4534 -0.891304 -0.00230104 -33.6314 -0.00191182 0.00160912 -0.999997 -0.106403
0.898301 0.439379 -0.00127775 159.384 0.439375 -0.8983 -0.00248939 -34.384 -0.00224159 0.00167481 -0.999996 -0.0980033
0.905117 0.425162 -0.000546158 159.533 0.425161 -0.905116 -0.00194477 -35.6018 -0.00132118 0.00152804 -0.999998 -0.122094
0.911696 0.410864 -0.000924164 160.1 0.410861 -0.911695 -0.00243502 -36.2055 -0.00184302 0.0018403 -0.999997 -0.111268
0.918005 0.396567 -0.00103237 160.593 0.396564 -0.918004 -0.00227265 -37.1674 -0.00184897 0.00167691 -0.999997 -0.11325
0.9242 0.381909 -0.000492482 160.702 0.381906 -0.924198 -0.00243194 -38.0507 -0.00138393 0.00205952 -0.999997 -0.110796
0.930066 0.367392 -0.000559936 161.134 0.36739 -0.930064 -0.00234327 -38.9931 -0.00138167 0.00197368 -0.999997 -0.111597
0.935726 0.352727 -1.24062e-05 161.281 0.352727 -0.935725 -0.00188625 -40.2018 -0.000676941 0.00176064 -0.999998 -0.136083
0.941152 0.337984 0.000171293 161.554 0.337984 -0.94115 -0.00174688 -41.2237 -0.000429204 0.00170197 -0.999998 -0.136375
0.946286 0.323331 -1.3454e-05 162.036 0.32333 -0.946285 -0.00142383 -42.2972 -0.000473098 0.001343 -0.999999 -0.145273
0.951278 0.308336 2.63538e-05 162.312 0.308335 -0.951276 -0.001632 -43.124 -0.000478135 0.00156061 -0.999999 -0.144018
0.956025 0.293286 7.56099e-05 162.576 0.293286 -0.956023 -0.00176907 -43.993 -0.00044656 0.00171345 -0.999998 -0.143575
0.960417 0.278568 -0.000304331 163.151 0.278567 -0.960416 -0.00127014 -45.1606 -0.000646105 0.00113509 -0.999999 -0.144792
0.964652 0.263528 -0.00050979 163.553 0.263527 -0.964651 -0.00124014 -46.0975 -0.000818581 0.00106196 -0.999999 -0.143125
0.968701 0.248229 -0.000663304 163.851 0.248227 -0.9687 -0.00160065 -46.83 -0.00103987 0.0013859 -0.999998 -0.127611
0.972551 0.23269 -0.000416357 163.894 0.232689 -0.972549 -0.00203853 -47.5744 -0.000879273 0.00188569 -0.999998 -0.118312
0.976159 0.217058 0.000155809 163.758 0.217058 -0.976156 -0.00230419 -48.4624 -0.000348049 0.00228307 -0.999997 -0.123105
0.979387 0.201995 0.000108755 164.088 0.201995 -0.979385 -0.00179052 -49.7101 -0.000255163 0.00177558 -0.999998 -0.133241
0.982436 0.186602 -0.000170743 164.425 0.186601 -0.982434 -0.0019398 -50.5444 -0.000529715 0.00187387 -0.999998 -0.11983
0.985211 0.171346 0.000113782 164.543 0.171346 -0.98521 -0.00142794 -51.8508 -0.000132573 0.00142632 -0.999999 -0.148732
0.98779 0.155787 0.00104411 164.246 0.155788 -0.98779 -0.000997305 -53.2272 0.000875992 0.00114779 -0.999999 -0.19472
0.990114 0.140258 0.0013481 164.246 0.140259 -0.990114 -0.000823683 -54.3626 0.00121925 0.00100462 -0.999999 -0.211404
0.9922 0.124641 0.00184851 164.108 0.124643 -0.992201 -0.000638771 -55.5486 0.00175447 0.000864192 -0.999998 -0.231656
0.994037 0.109036 0.00149444 164.392 0.109038 -0.994037 -0.00083192 -56.3609 0.00139482 0.000989909 -0.999999 -0.212624
0.995614 0.0935361 0.00202766 164.254 0.0935371 -0.995616 -0.000397119 -57.7119 0.00198162 0.000585038 -0.999998 -0.250624
0.996998 0.0773907 0.00251911 163.932 0.077393 -0.997 -0.000824918 -58.5301 0.00244771 0.0010174 -0.999996 -0.25646
0.998089 0.0617415 0.00232538 164.093 0.0617437 -0.998092 -0.000889962 -59.4482 0.00226599 0.00103184 -0.999997 -0.24808
0.998939 0.0459668 0.00278834 163.872 0.0459692 -0.998943 -0.000787553 -60.5856 0.00274919 0.000914895 -0.999996 -0.284233
0.999536 0.0302955 0.0030641 163.749 0.0302976 -0.999541 -0.000649558 -61.7249 0.00304302 0.000742092 -0.999995 -0.303416
0.999888 0.0146562 0.00297864 163.824 0.0146581 -0.999892 -0.000600224 -62.7318 0.00296952 0.000643818 -0.999995 -0.313427
0.999983 0.00498929 0.00289414 163.869 0.004991 -0.999987 -0.000583411 -63.7287 0.00289119 0.000597846 -0.999996 -0.309703
0.999995 0.00158184 0.00269657 163.969 0.00158362 -0.999999 -0.000658662 -64.6283 0.00269553 0.000662929 -0.999996 -0.311519
0.999996 0.000288084 0.00278968 163.863 0.000290182 -1 -0.000751582 -65.588 0.00278946 0.000752388 -0.999996 -0.310864
0.999997 -6.77459e-05 0.00252877 164.006 -6.57602e-05 -1 -0.000785293 -66.5081 0.00252882 0.000785124 -0.999996 -0.297438
0.999995 -0.000131088 0.00301217 163.726 -0.000129375 -1 -0.000568818 -67.7607 0.00301224 0.000568426 -0.999995 -0.331792
0.999995 -2.55999e-05 0.00321228 163.634 -2.44417e-05 -1 -0.000360602 -68.9438 0.00321229 0.000360522 -0.999995 -0.360561
0.999994 -2.77742e-05 0.00334528 163.543 -2.67592e-05 -1 -0.000303462 -70.0109 0.00334529 0.00030337 -0.999994 -0.380886
0.999993 -0.000133757 0.00366896 163.293 -0.000132603 -1 -0.000314768 -71.0846 0.003669 0.000314279 -0.999993 -0.399829
0.999992 -0.000791896 0.00402075 162.889 -0.000788764 -0.999999 -0.000780552 -71.8346 0.00402137 0.000777374 -0.999992 -0.415488
0.999993 -0.000853964 0.00362182 163.091 -0.000850645 -0.999999 -0.000917721 -72.6341 0.0036226 0.000914634 -0.999993 -0.397133
0.999993 -0.00058703 0.00375309 163.037 -0.000584463 -1 -0.000685178 -73.8388 0.0037535 0.00068298 -0.999993 -0.410842
0.999993 -0.000351395 0.0036968 163.097 -0.000349491 -1 -0.000515683 -74.9512 0.00369698 0.000514387 -0.999993 -0.415452
0.999995 -0.000231218 0.00326702 163.364 -0.000229543 -1 -0.000513341 -75.8476 0.00326714 0.000512588 -0.999995 -0.388477
0.999994 -0.000305337 0.00357848 163.123 -0.00030352 -1 -0.00050826 -76.9291 0.00357863 0.00050717 -0.999993 -0.418293
0.999994 -0.000580999 0.0035141 163.081 -0.000578508 -1 -0.000709982 -77.7505 0.00351451 0.000707945 -0.999994 -0.424738
0.999994 -0.000587172 0.00328452 163.213 -0.000584752 -1 -0.000737581 -78.6565 0.00328495 0.000735656 -0.999994 -0.424162
0.999995 -0.000397976 0.00319564 163.3 -0.000396044 -1 -0.000605352 -79.7242 0.00319588 0.000604083 -0.999995 -0.434777
0.999995 -0.000470418 0.00328149 163.19 -0.000468276 -1 -0.000653724 -80.7137 0.00328179 0.000652183 -0.999994 -0.438984
0.999995 -0.00047759 0.0030104 163.363 -0.000475564 -1 -0.000673644 -81.6055 0.00301072 0.00067221 -0.999995 -0.439333
0.999995 -0.000316395 0.00313193 163.289 -0.000314659 -1 -0.000554709 -82.7343 0.0031321 0.000553721 -0.999995 -0.452826
0.999995 -0.000536057 0.00302527 163.271 -0.000533862 -1 -0.000726542 -83.5709 0.00302566 0.000724924 -0.999995 -0.437809
0.999996 -0.000616336 0.00284282 163.355 -0.000614077 -0.999999 -0.000795417 -84.4544 0.00284331 0.000793668 -0.999996 -0.430227
0.999996 -0.000660463 0.00289148 163.298 -0.000658131 -0.999999 -0.000807546 -85.4454 0.00289201 0.000805639 -0.999995 -0.449391
0.999996 -0.000596374 0.00276334 163.369 -0.000594205 -1 -0.000785753 -86.4233 0.00276381 0.000784108 -0.999996 -0.437473
0.999996 -0.00056375 0.00260132 163.472 -0.000561738 -1 -0.000774349 -87.3737 0.00260176 0.000772885 -0.999996 -0.431883
0.999997 -0.000633356 0.00233057 163.627 -0.000631408 -0.999999 -0.000836238 -88.2287 0.00233109 0.000834764 -0.999997 -0.41385
0.999997 -0.000428552 0.00239095 163.613 -0.00042687 -1 -0.000703861 -89.3508 0.00239125 0.000702838 -0.999997 -0.424885
0.999997 -9.59164e-05 0.00256577 163.553 -9.46821e-05 -1 -0.000481187 -90.5855 0.00256582 0.000480943 -0.999997 -0.452412
0.999996 -9.80121e-05 0.00264836 163.462 -9.67242e-05 -1 -0.000486398 -91.6096 0.0026484 0.00048614 -0.999996 -0.459113
0.999996 -7.29657e-05 0.0028776 163.279 -7.16424e-05 -1 -0.000459984 -92.7039 0.00287764 0.000459776 -0.999996 -0.488894
0.999996 -0.000230968 0.00269199 163.352 -0.000229453 -1 -0.000563126 -93.5499 0.00269212 0.000562506 -0.999996 -0.476464
0.999996 -0.000117583 0.00287811 163.221 -0.000116184 -1 -0.00048632 -94.6741 0.00287816 0.000485984 -0.999996 -0.503445
0.999996 -0.0002483 0.00297728 163.08 -0.000246601 -1 -0.000571326 -95.6358 0.00297742 0.000570589 -0.999995 -0.514011
0.999995 0.000145959 0.00301585 163.147 0.000146894 -1 -0.000309646 -96.8622 0.00301581 0.000310087 -0.999995 -0.542115
0.999996 5.64829e-05 0.00295079 163.155 5.75375e-05 -1 -0.000357324 -97.7919 0.00295077 0.000357492 -0.999996 -0.548733
0.999997 -5.03952e-05 0.00261826 163.377 -4.93394e-05 -1 -0.000403304 -98.6183 0.00261828 0.000403173 -0.999996 -0.537002
0.999997 -8.3692e-05 0.00252742 163.399 -8.25894e-05 -1 -0.000436361 -99.5621 0.00252745 0.000436151 -0.999997 -0.520263
0.999997 0.000226757 0.00233669 163.619 0.000227296 -1 -0.000230314 -100.665 0.00233664 0.000230845 -0.999997 -0.51404
0.999998 0.000177803 0.00214368 163.759 0.000178311 -1 -0.000237122 -101.572 0.00214364 0.000237504 -0.999998 -0.516679
0.999998 0.000369646 0.00214429 163.817 0.000369857 -1 -9.80087e-05 -102.682 0.00214425 9.88016e-05 -0.999998 -0.541067
0.999998 1.28297e-05 0.00205016 163.744 1.35334e-05 -1 -0.000343258 -103.44 0.00205016 0.000343285 -0.999998 -0.51298
0.999998 -0.000366097 0.00184744 163.787 -0.000365045 -1 -0.0005697 -104.149 0.00184765 0.000569024 -0.999998 -0.500815
0.999999 -0.000507921 0.00161003 163.914 -0.000506872 -1 -0.000651803 -104.977 0.00161036 0.000650986 -0.999998 -0.473849
0.999998 -0.000552701 0.00169279 163.817 -0.000551538 -1 -0.000687461 -105.968 0.00169317 0.000686526 -0.999998 -0.488262
0.999999 -0.000496608 0.00141244 164.061 -0.000495734 -1 -0.000619644 -106.9 0.00141274 0.000618943 -0.999999 -0.470988
0.999999 -0.000741785 0.00123247 164.126 -0.000740843 -0.999999 -0.000764663 -107.682 0.00123304 0.000763749 -0.999999 -0.459301
0.999999 -0.000735656 0.00117994 164.154 -0.00073476 -0.999999 -0.000760068 -108.654 0.0011805 0.0007592 -0.999999 -0.453356
0.999999 -0.000629098 0.00139096 163.993 -0.000628106 -1 -0.000713616 -109.774 0.0013914 0.000712741 -0.999999 -0.478297
0.999999 -0.000218391 0.00130694 164.184 -0.000217843 -1 -0.000418932 -110.997 0.00130703 0.000418647 -0.999999 -0.470542
0.999999 -7.63576e-05 0.00140316 164.134 -7.58904e-05 -1 -0.00033301 -112.11 0.00140318 0.000332903 -0.999999 -0.483537
0.999999 -9.94266e-05 0.0015876 163.954 -9.88323e-05 -1 -0.000374436 -113.145 0.00158764 0.000374279 -0.999999 -0.510811
0.999998 9.81409e-05 0.00193453 163.696 9.86912e-05 -1 -0.000284374 -114.376 0.0019345 0.000284564 -0.999998 -0.547947
0.999998 0.000372688 0.00208132 163.626 0.000372924 -1 -0.000113042 -115.603 0.00208128 0.000113817 -0.999998 -0.551918
0.999998 0.000244576 0.00188866 163.718 0.000244934 -1 -0.000189233 -116.45 0.00188861 0.000189696 -0.999998 -0.525785
0.999998 0.000287833 0.00185718 163.733 0.000288126 -1 -0.000157153 -117.467 0.00185713 0.000157688 -0.999998 -0.517831
0.999998 0.000186866 0.00187496 163.642 0.000187343 -1 -0.000254385 -118.389 0.00187491 0.000254736 -0.999998 -0.511478
0.999998 5.01383e-05 0.00204816 163.406 5.09701e-05 -1 -0.000406089 -119.325 0.00204814 0.000406193 -0.999998 -0.535447
0.999998 -9.20694e-05 0.00222633 163.153 -9.0797e-05 -1 -0.000571581 -120.252 0.00222638 0.000571378 -0.999997 -0.557095
0.999997 4.75387e-05 0.00248091 162.951 4.87839e-05 -1 -0.00050186 -121.429 0.00248088 0.00050198 -0.999997 -0.590517
0.999997 8.87256e-05 0.00228441 163.128 8.96832e-05 -1 -0.000419083 -122.409 0.00228437 0.000419287 -0.999997 -0.573758
0.999998 4.54344e-05 0.00209874 163.259 4.63113e-05 -1 -0.000417755 -123.318 0.00209872 0.000417851 -0.999998 -0.55826
0.999998 9.60507e-05 0.00205771 163.311 9.67739e-05 -1 -0.000351394 -124.351 0.00205768 0.000351592 -0.999998 -0.567738
0.999998 0.000164752 0.00194038 163.453 0.000165219 -1 -0.000240209 -125.388 0.00194034 0.000240529 -0.999998 -0.571822
0.999998 0.000139847 0.00177819 163.592 0.00014023 -1 -0.00021521 -126.324 0.00177816 0.000215459 -0.999998 -0.571938
0.999999 0.000185149 0.00171711 163.656 0.000185402 -1 -0.000147018 -127.354 0.00171708 0.000147336 -0.999999 -0.565851
0.999998 0.000222281 0.00172152 163.661 0.000222455 -1 -0.000101251 -128.394 0.00172149 0.000101633 -0.999999 -0.576099
0.999999 7.69596e-05 0.00160202 163.654 7.73806e-05 -1 -0.000262748 -129.188 0.001602 0.000262871 -0.999999 -0.556604
0.999999 2.23238e-05 0.00170475 163.45 2.30042e-05 -1 -0.000399119 -130.121 0.00170474 0.000399158 -0.999998 -0.534345
0.999999 -9.69419e-06 0.00167235 163.423 -8.95006e-06 -1 -0.000444965 -131.061 0.00167235 0.00044495 -0.999999 -0.520473
0.999998 1.20266e-05 0.00175533 163.334 1.28074e-05 -1 -0.000444794 -132.095 0.00175532 0.000444815 -0.999998 -0.53643
0.999998 -0.000108258 0.00174381 163.242 -0.000107121 -1 -0.000652216 -132.883 0.00174388 0.000652028 -0.999998 -0.570262
0.999998 -5.53873e-05 0.00185388 163.153 -5.42734e-05 -1 -0.000600869 -133.975 0.00185391 0.000600767 -0.999998 -0.589809
0.999999 -0.000233943 0.00161606 163.189 -0.00023251 -1 -0.000886663 -134.587 0.00161627 0.000886286 -0.999998 -0.56379
0.999999 -0.000318554 0.00128334 163.44 -0.000317388 -1 -0.000909273 -135.386 0.00128363 0.000908865 -0.999999 -0.525806
0.999999 -0.000396951 0.00109037 163.527 -0.000395836 -0.999999 -0.00102204 -136.172 0.00109077 0.00102161 -0.999999 -0.50163
0.999999 -0.000366142 0.00110817 163.538 -0.000365116 -1 -0.000926005 -137.253 0.00110851 0.0009256 -0.999999 -0.501763
0.999999 -0.000375724 0.00105328 163.558 -0.000374754 -1 -0.000921303 -138.219 0.00105362 0.000920907 -0.999999 -0.48127
0.999999 -0.0003261 0.00112657 163.602 -0.000325306 -1 -0.000705426 -139.431 0.0011268 0.000705059 -0.999999 -0.514177
0.999999 -0.000323837 0.00114685 163.547 -0.000323014 -1 -0.000717714 -140.422 0.00114708 0.000717343 -0.999999 -0.500703
0.999999 -0.00031349 0.00115722 163.607 -0.000312816 -1 -0.000583237 -141.53 0.0011574 0.000582875 -0.999999 -0.530029
0.999999 -0.000294716 0.00124376 163.446 -0.000293847 -1 -0.000698565 -142.462 0.00124397 0.000698199 -0.999999 -0.529304
0.999999 -0.000315569 0.00116937 163.548 -0.000314873 -1 -0.000595091 -143.503 0.00116956 0.000594723 -0.999999 -0.529234
0.999999 -0.000243054 0.00127355 163.259 -0.000241849 -1 -0.000946524 -144.231 0.00127378 0.000946216 -0.999999 -0.538027
0.999999 -0.00018181 0.00139974 162.998 -0.00018018 -0.999999 -0.00116448 -145.092 0.00139995 0.00116422 -0.999998 -0.528016
0.999999 -0.000191096 0.00153607 162.926 -0.000189494 -0.999999 -0.00104274 -146.252 0.00153627 0.00104245 -0.999998 -0.563105
0.999998 -0.000176292 0.00187972 162.637 -0.000174497 -1 -0.00095538 -147.495 0.00187989 0.00095505 -0.999998 -0.603688
0.999998 -0.000119998 0.00184712 162.574 -0.000117977 -0.999999 -0.00109465 -148.34 0.00184725 0.00109443 -0.999998 -0.609112
0.999998 -0.000217025 0.00194599 162.57 -0.000215338 -1 -0.000867083 -149.579 0.00194617 0.000866662 -0.999998 -0.626295
0.999998 -0.000295622 0.00187717 162.662 -0.000294235 -1 -0.00073902 -150.646 0.00187739 0.000738467 -0.999998 -0.615479
0.999998 -0.000347226 0.00172192 162.8 -0.000346058 -1 -0.000679053 -151.607 0.00172216 0.000678456 -0.999998 -0.595185
0.999999 -0.000366859 0.00155939 162.928 -0.000365822 -1 -0.00066526 -152.523 0.00155963 0.000664688 -0.999999 -0.581126
0.999999 -0.000573584 0.00156789 163.02 -0.000572967 -1 -0.000394114 -153.757 0.00156811 0.000393215 -0.999999 -0.572971
0.999998 -0.000492568 0.00177861 162.747 -0.000491691 -1 -0.000493379 -154.774 0.00177885 0.000492504 -0.999998 -0.585414
0.999998 -0.000650706 0.00173532 162.826 -0.000650139 -1 -0.000327552 -155.891 0.00173553 0.000326424 -0.999998 -0.562262
0.999998 -0.0005824 0.00180064 162.721 -0.000581699 -1 -0.000389764 -156.862 0.00180087 0.000388716 -0.999998 -0.587725
0.999998 -0.000993943 0.00189283 162.791 -0.000993958 -1 6.87888e-06 -158.252 0.00189282 -8.76025e-06 -0.999998 -0.585351
0.999998 -0.00129662 0.00168131 163.11 -0.00129712 -0.999999 0.000300028 -159.392 0.00168092 -0.000302209 -0.999999 -0.580124
0.999998 -0.00100597 0.00177098 162.863 -0.00100603 -0.999999 3.20349e-05 -160.208 0.00177094 -3.38165e-05 -0.999998 -0.572274
0.999998 -0.0011682 0.00178785 162.897 -0.00116851 -0.999999 0.000171649 -161.334 0.00178765 -0.000173738 -0.999998 -0.590323
0.999998 -0.00126175 0.00167724 163.027 -0.00126219 -0.999999 0.000258293 -162.349 0.00167691 -0.00026041 -0.999999 -0.597794
0.999988 0.00467809 0.00158475 163.097 0.00467763 -0.999989 0.000292042 -163.33 0.0015861 -0.000284625 -0.999999 -0.574328
0.999852 0.0171527 0.00158402 163.038 0.0171524 -0.999853 0.000183021 -164.236 0.00158692 -0.000155824 -0.999999 -0.579968
0.999504 0.0314453 0.00162041 163.082 0.0314448 -0.999505 0.000334876 -165.383 0.00163014 -0.000283756 -0.999999 -0.59241
0.998904 0.0467705 0.00178707 162.918 0.0467701 -0.998906 0.000289046 -166.431 0.00179864 -0.000205148 -0.999998 -0.605879
0.998046 0.0624622 0.00167078 163.026 0.062462 -0.998047 0.000212302 -167.304 0.00168077 -0.000107527 -0.999999 -0.601964
0.996947 0.0780617 0.00152776 163.247 0.0780614 -0.996949 0.000254392 -168.26 0.00154295 -0.000134356 -0.999999 -0.62353
0.995581 0.0939009 0.00143594 163.359 0.0939008 -0.995582 0.000155821 -169.124 0.00144422 -2.02969e-05 -0.999999 -0.625674
0.99396 0.109731 0.00139186 163.435 0.109731 -0.993961 5.19511e-05 -170.006 0.00138915 0.000101092 -0.999999 -0.62448
0.992118 0.125295 0.00155282 163.374 0.125295 -0.992119 4.34623e-05 -171.072 0.00154603 0.000151442 -0.999999 -0.642914
0.990033 0.140826 0.00160378 163.439 0.140826 -0.990034 5.19412e-05 -172.093 0.00159512 0.000174431 -0.999999 -0.650173
0.98769 0.156416 0.00166798 163.51 0.156416 -0.987691 2.66039e-05 -173.091 0.00165161 0.000234622 -0.999999 -0.691684
0.985081 0.17208 0.00176967 163.491 0.172081 -0.985083 -7.60898e-05 -174.041 0.00173017 0.00037948 -0.999998 -0.676546
0.98225 0.187567 0.00156661 163.861 0.187568 -0.982252 -4.936e-05 -174.941 0.00152955 0.00034233 -0.999999 -0.676896
0.979221 0.202791 0.00148426 164.14 0.202792 -0.979222 3.26063e-05 -175.944 0.00146003 0.000269067 -0.999999 -0.658117
0.975997 0.217781 0.00135117 164.514 0.217781 -0.975998 0.000191781 -176.982 0.00136051 0.000107082 -0.999999 -0.629304
0.97263 0.232356 0.00134807 164.834 0.232355 -0.972631 0.000460618 -178.173 0.00141821 -0.000134779 -0.999999 -0.629562
0.968854 0.247628 0.00135219 165.035 0.247628 -0.968855 0.000444583 -179.133 0.00142016 -9.58969e-05 -0.999999 -0.613614
0.964744 0.263188 0.00129993 165.276 0.263187 -0.964745 0.000327049 -179.98 0.00134017 2.6606e-05 -0.999999 -0.614368
0.960481 0.278343 0.00123458 165.588 0.278343 -0.960482 0.000326608 -180.909 0.0012767 2.99365e-05 -0.999999 -0.603815
0.955964 0.293481 0.00125907 165.798 0.29348 -0.955965 0.000284608 -181.843 0.00128716 9.74378e-05 -0.999999 -0.578283
0.951431 0.30786 0.00114741 166.27 0.307859 -0.951432 0.000493264 -182.909 0.00124354 -0.000116067 -0.999999 -0.565927
0.946761 0.321935 0.00120367 166.608 0.321934 -0.946762 0.000731968 -184.076 0.00137523 -0.000305497 -0.999999 -0.57771
0.941348 0.337434 0.00138871 166.658 0.337434 -0.941349 0.000499569 -184.928 0.00147583 -1.67064e-06 -0.999999 -0.615295
0.936325 0.351132 0.00138607 167.102 0.351131 -0.936326 0.000797657 -186.104 0.0015779 -0.000260174 -0.999999 -0.621719
0.930617 0.365991 0.00132907 167.465 0.36599 -0.930618 0.000747525 -186.974 0.00151045 -0.000209233 -0.999999 -0.585923
0.924865 0.380292 0.00139524 167.771 0.380291 -0.924866 0.000803118 -187.981 0.00159583 -0.000212179 -0.999999 -0.584494
0.918452 0.39553 0.00140569 168.047 0.39553 -0.918453 0.000597234 -188.749 0.00152728 7.46069e-06 -0.999999 -0.570606
0.912044 0.410091 0.00131088 168.527 0.41009 -0.912045 0.000573806 -189.607 0.0014309 1.42441e-05 -0.999999 -0.587775
0.9057 0.423918 0.00139913 168.865 0.423917 -0.905701 0.000664687 -190.63 0.00154897 -8.88946e-06 -0.999999 -0.588779
0.898647 0.438671 0.00140642 169.232 0.43867 -0.898648 0.00052405 -191.431 0.00149376 0.000146018 -0.999999 -0.618234
0.891568 0.452886 0.0011921 169.874 0.452886 -0.891569 0.00053061 -192.236 0.00130314 6.6809e-05 -0.999999 -0.599143
0.884544 0.466456 0.00114421 170.402 0.466456 -0.884544 0.000629944 -193.183 0.00130594 -2.3492e-05 -0.999999 -0.606011
0.87741 0.47974 0.00100303 171.055 0.479739 -0.877411 0.000786461 -194.126 0.00125736 -0.000208858 -0.999999 -0.601412
0.869622 0.493717 0.000979949 171.544 0.493717 -0.869622 0.000734816 -194.956 0.00121498 -0.000155195 -0.999999 -0.627611
0.861694 0.507428 0.00090019 172.101 0.507427 -0.861694 0.000722685 -195.779 0.0011424 -0.000165953 -0.999999 -0.608488
