-6.31527e-05 0.999998 -0.00202555 9.02253 1 6.375e-05 0.000294814 -1.42557 0.000294943 -0.00202554 -0.999998 -10.053
-9.94603e-05 0.999952 -0.00977432 8.9914 0.999997 0.000125214 0.00263421 -1.41584 0.00263531 -0.00977402 -0.999949 -10.3083
-0.00059718 0.999986 -0.00522804 8.99632 0.999828 0.000500054 -0.0185596 -1.45207 -0.0185567 -0.00523822 -0.999814 -10.7503
-0.000831095 0.998528 -0.0542328 8.93334 0.999998 0.000915392 0.00152953 -1.43281 0.00157693 -0.0542314 -0.998527 -11.3865
-0.0035598 0.992488 -0.122294 8.82633 0.999956 0.00246693 -0.00908664 -1.44592 -0.00871669 -0.122321 -0.992452 -12.2138
-0.00146296 0.972551 -0.232684 8.60693 0.999407 0.00942555 0.0331124 -1.38685 0.0343967 -0.232498 -0.971989 -13.1949
-0.00699167 0.951153 -0.30864 8.3444 0.999122 0.0193929 0.0371308 -1.36039 0.0413025 -0.30811 -0.950454 -14.3771
-0.0154438 0.806393 -0.591178 7.46688 0.998704 0.0411127 0.0299896 -1.33623 0.0484883 -0.589949 -0.805983 -15.7092
0.126566 0.68976 -0.71289 6.60423 0.963943 0.084068 0.252479 -0.684859 0.234081 -0.719141 -0.65425 -17.1839
-0.0741434 -0.0836587 -0.993732 3.5108 0.977686 0.190304 -0.0889671 -1.2158 0.196554 -0.978154 0.0676821 -18.4798
0.0728538 -0.425709 -0.901923 1.47101 0.971923 0.233173 -0.03155 -0.799533 0.223735 -0.874301 0.430744 -19.733
0.189873 -0.682782 -0.705519 -0.75346 0.958986 0.283013 -0.0158052 -0.418451 0.210462 -0.673582 0.708515 -20.9433
0.149438 -0.974389 -0.168033 -3.70627 0.877727 0.208972 -0.431191 -1.9585 0.455262 -0.0830508 0.886476 -21.5626
0.240043 -0.96666 0.0891525 -5.66537 0.963137 0.225664 -0.146432 -0.577082 0.121431 0.121016 0.985195 -22.4364
0.260979 -0.68641 0.678772 -7.14975 0.952375 0.297947 -0.0648754 -0.199347 -0.157707 0.663376 0.731478 -22.3948
0.0857211 0.108312 0.990414 -8.56504 0.919088 0.375153 -0.120575 -0.277712 -0.384617 0.920613 -0.0673897 -21.499
-0.291998 0.931303 0.217744 -10.7435 0.907034 0.34186 -0.245808 -0.580099 -0.303359 0.125726 -0.944545 -19.1355
-0.41378 0.713479 -0.56545 -11.0307 0.910149 0.310319 -0.274464 -0.981187 -0.0203541 -0.628211 -0.777777 -17.7606
-0.201375 0.171643 -0.964358 -10.5104 0.906432 0.405809 -0.11705 -0.278781 0.371254 -0.897696 -0.237302 -16.5956
0.222719 -0.195842 -0.955009 -10.4958 0.804653 0.589991 0.0666662 1.22394 0.55039 -0.783299 0.288987 -15.6485
0.650053 -0.240321 -0.720886 -8.75893 0.577577 0.772736 0.26322 3.44917 0.493797 -0.587474 0.641123 -15.3486
0.761779 -0.627683 -0.160332 -9.20386 0.427327 0.672866 -0.603857 0.97673 0.486913 0.391491 0.780801 -12.9888
0.821991 -0.422298 0.382093 -8.20522 0.52602 0.30587 -0.793566 -0.0132508 0.218251 0.853292 0.47356 -11.5011
0.574733 -0.0361775 0.817541 -7.02703 0.816791 0.0868168 -0.570364 -0.333879 -0.050342 0.995567 0.0794459 -9.90798
0.325919 0.0228803 0.945121 -6.68198 0.92993 0.172341 -0.324853 0.297837 -0.170316 0.984772 0.0348922 -9.37441
-0.863461 0.115303 0.491061 -4.76493 0.495287 0.378183 0.782092 2.50644 -0.0955335 0.918522 -0.383654 -5.21463
-0.993442 0.114269 0.00400246 -3.98329 0.0973972 0.82739 0.553118 0.471623 0.0598925 0.549881 -0.833093 -2.1808
-0.9987 0.0489856 0.0140946 -3.08689 0.0492197 0.85485 0.516535 1.05925 0.013254 0.516557 -0.85615 -2.93016
-0.934128 -0.0970359 -0.343495 -1.64143 -0.259224 0.845974 0.465972 0.93927 0.245372 0.52432 -0.815403 -1.0387
-0.722585 -0.0584513 -0.688807 0.295052 -0.580843 0.59161 0.559123 2.29792 0.374823 0.804103 -0.46144 1.36842
-0.739816 -0.581489 -0.338441 0.246691 -0.626743 0.778553 0.0323675 -0.996036 0.244673 0.236062 -0.940431 0.511404
-0.689816 -0.357619 -0.629494 0.63169 -0.652881 0.683049 0.3274 0.501334 0.31289 0.63683 -0.704661 1.96347
-0.592246 -0.803611 0.0587653 2.34502 -0.795315 0.594718 0.117406 0.402728 -0.129298 0.0227965 -0.991344 -0.660116
-0.532954 -0.846003 -0.0154899 3.14351 -0.837335 0.524682 0.153556 0.510785 -0.121782 0.0948085 -0.988018 -0.381988
-0.255834 -0.934935 -0.245858 2.17838 -0.596737 0.352815 -0.720712 -2.75451 0.760561 -0.0376705 -0.648172 -1.98551
-0.013233 -0.869949 -0.492964 0.981111 -0.24204 0.481132 -0.842573 -3.55048 0.970176 0.108167 -0.216929 -3.51747
-0.197008 -0.881868 -0.428365 1.59158 -0.522155 0.464183 -0.715463 -2.63277 0.829784 0.0827212 -0.55192 -4.09834
-0.163741 -0.52285 -0.83655 0.119191 -0.43546 0.799216 -0.414281 -1.78797 0.885191 0.296449 -0.358545 -3.63725
0.225906 -0.137039 -0.964462 -2.21806 -0.419631 0.879799 -0.2233 -2.47254 0.879134 0.455163 0.141246 -3.90437
0.0905936 -0.637773 -0.764878 -1.43386 -0.585637 0.587087 -0.558891 -3.01632 0.805495 0.498573 -0.320317 -6.85865
-0.702869 -0.583169 -0.407294 0.326812 -0.513498 0.81222 -0.276802 1.2885 0.492235 0.0145893 -0.87034 -7.84609
-0.82504 -0.388799 -0.410053 0.647507 -0.342786 0.921256 -0.183809 3.51094 0.449228 -0.0110895 -0.893348 -8.50804
-0.816973 -0.185925 -0.545882 0.00209774 -0.230973 0.972855 0.0143268 5.21364 0.5284 0.137789 -0.837739 -9.23713
0.143932 0.347676 -0.926501 -2.42256 -0.654885 0.735373 0.174218 3.16994 0.741895 0.581677 0.333532 -6.38698
0.558069 0.796647 -0.232192 -4.94024 -0.757161 0.603366 0.250315 3.46801 0.339509 0.0361132 0.939909 -3.9203
0.505329 0.764579 -0.400076 -4.51801 -0.854017 0.509565 -0.104873 3.05028 0.123681 0.394667 0.910462 -4.93885
0.539397 0.804877 0.247433 -5.05507 -0.727479 0.593413 -0.344435 2.41822 -0.424058 0.0057852 0.905617 -3.09261
0.294981 0.8716 -0.391535 -4.97813 -0.791941 -0.00625221 -0.610565 0.836586 -0.534617 0.490178 0.688412 -5.7288
0.429427 0.589681 0.68401 -5.65547 -0.499573 0.786071 -0.364032 1.48815 -0.752343 -0.185388 0.632149 -2.59203
0.509064 0.0130256 0.86063 -4.73426 -0.23566 0.963788 0.124806 2.96086 -0.82784 -0.26635 0.493699 -2.31215
0.391326 0.0672201 0.917794 -4.47357 -0.24815 0.968093 0.0349013 2.74209 -0.886164 -0.241408 0.39552 -3.26803
0.28982 -0.415659 0.862109 -3.53042 -0.210221 0.851125 0.481034 3.0414 -0.933708 -0.320647 0.159293 -2.68319
0.579262 -0.677506 0.453256 -3.99094 0.0608582 0.59044 0.804784 5.45318 -0.812866 -0.438597 0.383251 -1.16513
0.548915 -0.565168 0.615855 -4.11781 -0.0926854 0.691079 0.716812 5.66575 -0.830723 -0.45055 0.326961 -1.99067
0.536375 -0.132076 0.833581 -3.85024 -0.500157 0.745816 0.440001 3.78454 -0.679812 -0.652927 0.333979 -1.69199
0.573916 -0.0458502 0.81763 -2.29677 -0.667299 0.552568 0.499381 3.332 -0.474693 -0.832206 0.286531 -0.816779
0.384927 0.624444 0.679633 -2.19413 -0.89488 0.432731 0.109245 1.45162 -0.225881 -0.650241 0.725372 -0.400283
0.0880946 0.903953 0.41846 -1.88824 -0.963289 0.184262 -0.195248 -0.195365 -0.253601 -0.385898 0.887 -0.540578
-0.387814 0.799768 0.458226 -0.856393 -0.572766 0.180403 -0.799621 -3.40305 -0.722177 -0.57256 0.388117 -3.86989
-0.226191 0.891789 0.391854 -0.283577 -0.904704 -0.0432294 -0.423841 -1.95391 -0.361038 -0.450381 0.816583 -2.07669
-0.252626 0.96589 -0.0568826 -1.25754 -0.947049 -0.258884 -0.189941 -1.93942 -0.198188 0.00588649 0.980146 -0.873287
-0.317551 0.903072 -0.289174 -1.91386 -0.945387 -0.325159 0.022706 -1.57993 -0.0735225 0.280592 0.957007 -0.0121393
-0.447561 0.88532 -0.126089 -0.53036 -0.894223 -0.441912 0.0712641 -1.35477 0.00737143 0.144646 0.989456 0.12657
-0.528428 0.822283 0.211223 0.801912 -0.845421 -0.486916 -0.219491 -1.78886 -0.0776361 -0.294558 0.952475 -2.33546
-0.501597 0.784075 0.365549 2.38198 -0.838434 -0.54471 0.0178834 -0.833211 0.21314 -0.297519 0.93062 -1.93574
-0.626226 0.766203 -0.14413 0.75597 -0.777848 -0.626547 0.048894 -0.924042 -0.0528414 0.14273 0.98835 -2.65554
-0.657643 0.722454 0.213462 2.95158 -0.726491 -0.683181 0.0739958 -0.35691 0.199292 -0.106416 0.974145 -3.8232
-0.776564 0.630008 0.00622631 3.18638 -0.56756 -0.69523 -0.441057 -3.34301 -0.273541 -0.346043 0.897457 -3.86401
-0.873474 0.473852 -0.111838 3.49524 -0.458643 -0.877908 -0.137568 -2.42969 -0.16337 -0.0688685 0.984158 -5.56382
-0.90482 0.223667 -0.362318 2.53433 -0.352534 -0.870723 0.342871 -1.19131 -0.23879 0.437966 0.866698 -4.19085
-0.969978 0.115257 -0.214146 3.68735 -0.212144 -0.831537 0.513363 -0.112013 -0.118902 0.543381 0.831023 -4.81732
-0.972226 -0.0955662 -0.213645 3.1416 -0.135109 -0.516207 0.84574 2.01049 -0.191109 0.851115 0.488958 -3.35954
-0.633701 -0.266064 -0.726383 0.253408 -0.492992 -0.584711 0.64426 1.18432 -0.596139 0.76637 0.239365 -3.37908
-0.216545 0.195518 -0.956494 -1.81271 -0.567002 -0.822754 -0.0398138 -1.96656 -0.794744 0.533712 0.289022 -4.2549
-0.224555 -0.288649 -0.930729 -2.0732 -0.407483 -0.839791 0.358759 -0.454612 -0.885174 0.459818 0.0709595 -5.5943
-0.436484 -0.173687 -0.882788 -1.40056 -0.355981 -0.867782 0.346745 -0.684894 -0.826292 0.465605 0.316944 -5.56241
-0.52928 0.262579 -0.806793 -2.42389 -0.42279 -0.906058 -0.0175231 -1.91691 -0.735603 0.331829 0.590574 -4.15726
-0.597871 -0.265167 -0.756463 -2.02419 -0.266899 -0.824002 0.499786 0.110428 -0.755854 0.500707 0.421874 -4.73357
-0.894518 0.324532 -0.307436 -1.51384 -0.353689 -0.934386 0.0427503 -2.21794 -0.27339 0.146977 0.950608 -2.16289
-0.939297 0.306092 -0.155013 -1.40523 -0.324087 -0.939848 0.107947 -2.48744 -0.112647 0.151632 0.981997 -1.22035
-0.96845 0.237994 0.0739186 -0.919567 -0.175036 -0.860729 0.478026 -1.26824 0.177391 0.450005 0.87523 0.629599
-0.671268 0.392852 0.628544 1.2074 0.100203 -0.792109 0.602098 -1.06067 0.734411 0.467151 0.492352 4.32094
-0.820044 0.526007 0.225487 3.16738 0.201778 -0.102962 0.974004 2.13807 0.535549 0.844225 -0.0217034 4.22643
-0.941489 0.275878 -0.193621 0.94329 -0.319718 -0.549211 0.772106 0.950998 0.106669 0.788834 0.60528 1.35077
-0.876417 -0.114343 -0.467782 0.64612 -0.377434 -0.440167 0.814737 2.42578 -0.299061 0.890606 0.342613 -0.581651
-0.726436 0.0509566 -0.685342 -1.4104 -0.481452 -0.749359 0.454604 1.33561 -0.490402 0.660201 0.568895 -1.27635
-0.926571 0.185029 -0.327461 0.431734 -0.361313 -0.679755 0.638268 1.4267 -0.104495 0.709717 0.696694 0.571412
-0.921407 0.155637 -0.356071 0.0384588 -0.347072 -0.741732 0.573912 1.61788 -0.174787 0.652388 0.737454 0.915748
-0.658404 -0.302458 -0.68922 -1.94254 -0.352101 -0.685558 0.637209 3.28561 -0.665229 0.662216 0.344878 -0.880905
-0.95664 -0.0152233 -0.290873 -0.192802 -0.15709 -0.813982 0.559246 1.26996 -0.245279 0.58069 0.776297 0.315291
-0.649755 -0.613537 -0.448766 -1.39737 -0.165901 -0.461679 0.871395 2.25165 -0.741819 0.640644 0.198192 -3.08464
-0.531146 -0.754906 0.384709 1.3836 0.151538 0.362091 0.919742 4.0836 -0.833619 0.546816 -0.0779263 -4.98441
-0.578062 -0.644854 -0.500008 -1.59386 -0.0447269 -0.586799 0.808496 2.42653 -0.814766 0.489725 0.310364 -3.9343
-0.482233 0.106689 -0.869522 -5.45363 -0.157797 -0.9869 -0.0335776 1.11652 -0.861714 0.121016 0.492751 -2.35731
-0.689384 0.00769119 -0.724356 -5.16988 -0.136767 -0.983342 0.119723 0.891256 -0.711368 0.181603 0.678952 -1.63494
-0.849125 0.0371114 -0.526887 -5.11007 -0.122921 -0.984024 0.128788 0.00284578 -0.51369 0.174122 0.840121 -0.471018
-0.614786 0.0442277 -0.787453 -6.4576 -0.0849677 -0.99633 0.0103772 -0.925126 -0.784104 0.0732878 0.616287 -1.89531
-0.938098 -0.0153807 -0.346027 -4.8976 -0.0772812 -0.964536 0.252386 -1.66626 -0.337638 0.263504 0.903641 0.518936
-0.808883 -0.26407 -0.525334 -4.01961 -0.0939513 -0.823941 0.558833 -0.750799 -0.580415 0.501386 0.641663 -0.88993
-0.467263 -0.759335 -0.452853 -2.99933 -0.25845 -0.372521 0.891309 2.10659 -0.845499 0.533516 -0.0221851 -3.46048
-0.350493 -0.75867 -0.549158 -3.62236 -0.363389 -0.430256 0.826334 2.79109 -0.863193 0.489182 -0.124891 -4.50342
-0.606047 -0.594584 -0.528372 -4.11992 -0.118394 -0.589432 0.799095 2.13818 -0.786568 0.546845 0.286829 -2.83574
-0.553657 -0.831035 -0.0533326 -2.79052 0.0611025 -0.104413 0.992655 4.23734 -0.8305 0.546331 0.108587 -2.34515
-0.523997 -0.746481 -0.410113 -3.8381 -0.0780427 -0.437405 0.895872 3.82912 -0.848137 0.501441 0.170942 -3.36602
-0.528681 -0.792413 -0.304266 -3.08815 -0.0068946 -0.354437 0.935055 4.12977 -0.848792 0.496444 0.181921 -3.55103
-0.576831 -0.561805 -0.592994 -4.06187 -0.0294701 -0.711155 0.702418 2.58265 -0.816332 0.422652 0.39366 -3.98441
-0.706035 -0.699249 -0.112093 -3.19802 0.217043 -0.364325 0.905627 4.18381 -0.674097 0.615075 0.408993 -2.24141
-0.796208 -0.603097 0.0482466 -2.86985 0.412469 -0.482739 0.772549 3.27906 -0.442631 0.63501 0.63312 -0.674001
-0.621708 -0.782983 0.0204194 -2.58405 0.301665 -0.215308 0.928784 3.77078 -0.722826 0.583593 0.370058 -2.11891
-0.802488 -0.540933 0.251802 -2.88436 0.567875 -0.562908 0.600543 3.09881 -0.183112 0.624921 0.75891 1.51474
-0.630296 -0.118047 0.767328 0.307112 0.77414 -0.0209563 0.632667 4.80281 -0.0586041 0.992787 0.104593 3.50162
-0.641209 -0.184643 0.74482 1.08464 0.70082 0.254457 0.66641 4.39885 -0.312573 0.949294 -0.033759 2.52786
-0.534036 -0.315742 0.784291 0.812874 0.83631 -0.0611563 0.544835 3.76673 -0.124063 0.946872 0.296718 4.63388
-0.470093 -0.478327 0.741765 0.278592 0.874221 -0.136699 0.465887 3.0593 -0.121448 0.867477 0.482425 5.49283
-0.573516 -0.655325 0.491558 -0.556669 0.763922 -0.21116 0.609782 4.22723 -0.295808 0.725232 0.621721 6.53438
-0.548613 -0.511289 0.661519 0.412913 0.796702 -0.559645 0.228174 2.89423 0.253553 0.652213 0.714373 10.3301
-0.42617 -0.652821 0.626262 -0.942457 0.896234 -0.210512 0.390447 3.04389 -0.123056 0.727674 0.674794 9.13098
-0.231433 -0.556824 0.797738 -1.6294 0.930985 0.111201 0.347708 2.61124 -0.282321 0.823153 0.492659 8.0056
-0.0153095 -0.85819 0.513104 -6.24459 0.608961 0.399011 0.685534 3.15561 -0.793052 0.322956 0.516496 4.96482
0.0294065 -0.111723 0.993304 -3.38707 0.530691 0.843856 0.079203 4.78345 -0.847055 0.524809 0.0841055 4.09598
0.193614 0.37451 0.906783 -1.26885 0.551717 0.722712 -0.416288 4.78044 -0.811247 0.580887 -0.0666969 3.91351
-0.356415 -0.0300266 0.933845 -4.08575 0.164675 0.981818 0.0944197 7.82732 -0.919701 0.187433 -0.344991 1.81248
0.192725 0.534277 0.823046 -0.547997 0.434378 0.705657 -0.559789 5.8815 -0.879871 0.465399 -0.0960802 3.35645
0.255601 -0.00257912 0.966779 -2.83159 0.383497 0.918227 -0.0989407 6.21689 -0.887468 0.396046 0.235689 4.49495
-0.139728 0.14941 0.978853 -3.02049 0.0274439 0.988755 -0.147004 8.61626 -0.989809 0.00632288 -0.142258 2.31064
-0.404987 0.375497 0.833659 -1.73291 -0.116267 0.883226 -0.454305 10.1156 -0.9069 -0.280915 -0.314037 0.525822
-0.291035 0.287524 0.912485 -1.5791 -0.0963262 0.940118 -0.326955 10.9118 -0.951851 -0.183052 -0.245912 0.95548
0.194593 0.727907 0.657484 1.80017 0.061496 0.659925 -0.74881 9.40261 -0.978954 0.186146 0.0836536 2.53456
0.564431 0.570738 0.596385 1.38942 -0.0475936 0.743769 -0.66674 8.96485 -0.824107 0.347945 0.44697 4.78572
0.471691 0.80081 0.369067 1.74172 -0.135486 0.479408 -0.867071 8.3163 -0.871293 0.358986 0.334631 4.75548
0.550495 0.833641 0.0446973 2.87629 -0.223893 0.199003 -0.954081 7.26975 -0.804256 0.515209 0.296196 5.77797
-0.22979 0.96836 0.0973437 3.33024 0.234146 0.152089 -0.960231 8.41618 -0.944655 -0.197859 -0.261686 1.46253
0.119056 0.716895 0.686941 1.0366 -0.129976 0.697161 -0.705034 11.5046 -0.984343 -0.00534737 0.17618 3.87379
-0.17571 0.0922218 0.980113 2.01281 -0.296654 0.944363 -0.142041 15.5231 -0.938681 -0.315712 -0.138576 2.107
0.00990784 0.838376 0.545002 4.56476 -0.0657204 0.544397 -0.836249 12.5451 -0.997789 -0.0275323 0.0604922 3.30409
0.0221217 0.993581 -0.110936 5.33087 -0.0581078 -0.109497 -0.992287 10.5058 -0.998065 0.0283973 0.0553125 3.40892
-0.0784213 0.463273 -0.882739 3.69001 -0.072658 -0.885767 -0.458408 7.74132 -0.994269 0.0281891 0.103124 3.49543
-0.0899299 0.0628361 -0.993964 3.59027 -0.0111475 -0.998009 -0.0620832 6.00113 -0.995886 0.00549711 0.0904513 3.35728
-0.0350176 0.306864 -0.951109 4.98269 0.212744 -0.92759 -0.307109 6.28776 -0.97648 -0.213097 -0.0328015 1.98819
0.107241 -0.0369797 -0.993545 5.16714 0.430902 -0.898849 0.0799656 4.22498 -0.896004 -0.436696 -0.0804584 0.24001
-0.0467937 -0.205388 -0.977561 4.90756 0.464554 -0.870836 0.160728 4.42282 -0.884308 -0.446609 0.136163 0.24598
0.103644 -0.413508 -0.904582 4.90426 0.552648 -0.73222 0.398037 2.98975 -0.826945 -0.54117 0.152634 -1.24049
0.0799721 -0.967748 -0.23889 2.49209 0.535023 -0.160537 0.829445 1.27056 -0.841044 -0.194144 0.504929 -1.41735
0.241342 -0.845212 0.476834 0.0862465 0.49034 0.53023 0.691682 1.27158 -0.837449 0.0668784 0.542408 -2.4252
0.224287 -0.665745 0.711673 -0.845051 0.751391 0.583175 0.308736 1.80106 -0.620569 0.4655 0.631034 -0.525832
0.281547 0.275336 0.919196 -3.86362 0.756865 0.525113 -0.389117 3.98768 -0.58982 0.805262 -0.0605483 0.934558
0.712743 0.258084 0.65222 -4.6177 0.689047 -0.0837011 -0.719867 3.64412 -0.131195 0.96249 -0.237489 5.5155
0.604282 0.528042 0.596669 -4.8606 0.722794 -0.0481742 -0.689383 4.73096 -0.335279 0.84785 -0.410777 5.87683
0.334553 0.549137 0.765848 -3.82086 0.627205 0.47679 -0.615861 4.01999 -0.703341 0.686382 -0.18491 3.5396
0.417591 0.597745 0.684339 -4.24086 0.675688 0.299266 -0.67371 4.334 -0.607506 0.743735 -0.278918 5.64015
0.249826 0.728159 0.638256 -3.02564 0.601471 0.399868 -0.69162 5.13372 -0.758828 0.556677 -0.33807 6.21845
0.180917 0.568008 0.802892 -3.4858 0.675023 0.522004 -0.521397 5.90684 -0.715271 0.636301 -0.28898 7.83457
0.107918 0.814109 0.570596 -2.94764 0.622841 0.391982 -0.677067 5.05575 -0.77487 0.428458 -0.464759 7.26801
0.539213 0.322373 0.778026 -3.56449 0.577747 0.530567 -0.620248 4.11536 -0.612746 0.783948 0.0998384 11.008
-0.118008 0.677591 0.72591 -2.01588 0.468286 0.682601 -0.561038 5.48825 -0.875661 0.273727 -0.397859 8.66883
-0.0477306 -0.23056 0.971887 -2.97553 0.238932 0.942114 0.235231 7.93213 -0.969863 0.243442 0.0101205 10.1591
-0.0217219 -0.308629 0.950935 -2.42197 0.115946 0.943963 0.309015 8.957 -0.993018 0.11697 0.0152797 10.715
-0.255899 -0.217174 0.941993 -1.62918 -0.287019 0.947567 0.140488 10.5264 -0.923112 -0.234419 -0.304814 8.93187
0.14517 -0.790671 0.594782 -2.07424 -0.314044 0.533242 0.785512 14.2917 -0.938244 -0.30082 -0.170895 10.6064
0.0423374 -0.817842 0.573883 -2.83617 0.335707 0.552647 0.762812 13.9271 -0.941014 0.160361 0.297953 14.2497
0.23449 -0.812127 0.534288 -2.78578 -0.396588 0.421876 0.815315 17.1146 -0.887543 -0.403076 -0.223154 11.3464
0.255203 -0.704597 0.662129 -2.41744 -0.679006 0.356925 0.641526 18.9179 -0.688348 -0.613309 -0.387337 9.68319
0.0431026 -0.51182 0.858011 -1.45446 -0.894055 0.363521 0.261761 19.3817 -0.445879 -0.778391 -0.441927 7.49424
-0.0463711 -0.527665 0.848186 -1.65758 -0.814873 0.511104 0.273413 19.8197 -0.577781 -0.678486 -0.45368 7.844
-0.163891 -0.598621 0.784087 -2.05252 -0.746322 0.59501 0.298271 20.2296 -0.645091 -0.536298 -0.544281 8.15087
-0.0838986 -0.473404 0.876841 -2.43664 -0.445312 0.805001 0.392009 22.0331 -0.891436 -0.357579 -0.278351 9.96498
-0.0194037 -0.195457 0.98052 -1.86405 -0.190751 0.963415 0.188272 23.9066 -0.981447 -0.183382 -0.0559774 11.3323
-0.240806 0.0135397 0.970479 -0.38401 -0.245648 0.966497 -0.0744369 24.3552 -0.938973 -0.256321 -0.229412 10.9635
-0.568461 -0.319772 0.758023 -0.0490334 -0.514653 0.857051 -0.0244043 23.2447 -0.641861 -0.403991 -0.651772 9.44402
-0.71933 -0.222862 0.657948 1.79808 -0.561502 0.744181 -0.361815 22.9799 -0.408998 -0.629704 -0.66045 8.54685
-0.706904 -0.444271 0.550372 2.35004 -0.700283 0.54901 -0.456281 24.125 -0.0994472 -0.707963 -0.699213 5.89797
-0.777969 -0.313134 0.544712 2.60408 -0.571432 0.713057 -0.406221 24.5976 -0.261209 -0.627293 -0.733671 7.18883
-0.772967 -0.358844 0.523214 2.06602 -0.510634 0.841302 -0.177378 26.8644 -0.37653 -0.404279 -0.833537 7.05931
-0.737459 0.0681699 0.671943 2.03898 0.185321 0.977132 0.104258 29.3852 -0.64947 0.201411 -0.733228 12.4231
-0.639434 0.236226 0.731656 2.60937 0.498146 0.852161 0.160224 31.7503 -0.58564 0.466924 -0.662576 15.5358
-0.939915 0.0926328 0.328601 4.15573 -0.0586476 0.904372 -0.422696 30.7789 -0.336333 -0.41657 -0.8446 12.3573
-0.938099 -0.321223 0.129559 3.37182 -0.338974 0.774564 -0.533992 30.1562 0.0711787 -0.544855 -0.835504 11.4875
-0.825734 -0.558484 0.0791104 3.46625 -0.417601 0.511009 -0.751319 29.9184 0.379173 -0.653426 -0.655181 10.1355
-0.933487 -0.336416 0.124203 5.17941 -0.311477 0.588971 -0.745718 31.8702 0.17772 -0.734804 -0.654583 10.4542
-0.608853 -0.78282 -0.128416 3.08407 -0.45229 0.475549 -0.754511 32.396 0.651715 -0.401305 -0.643601 8.49642
-0.495676 -0.833223 -0.24504 2.84114 -0.38741 0.464635 -0.796259 32.6875 0.777315 -0.299755 -0.553107 10.3755
-0.44179 -0.847776 -0.293424 3.13355 -0.354428 0.465406 -0.811035 34.2373 0.824137 -0.25431 -0.506087 9.95189
-0.170125 -0.971798 0.163296 3.73844 -0.0767558 -0.152141 -0.985374 32.7005 0.982429 -0.18017 -0.0487083 8.77425
-0.0269831 -0.951475 -0.306542 4.22126 0.0373965 0.305478 -0.951465 35.2955 0.998936 -0.037137 0.0273391 11.1419
0.54485 -0.770487 -0.330891 3.06091 0.138968 0.472119 -0.870512 36.1884 0.826938 0.428315 0.364307 11.8462
0.930871 0.356422 0.0802633 -0.941858 -0.25022 0.78204 -0.570792 37.1911 -0.266212 0.51125 0.817162 14.8611
0.805173 0.580354 0.12201 -1.08198 -0.127538 0.370377 -0.920084 36.3228 -0.579164 0.725266 0.372234 14.3457
0.388075 0.916545 0.0966563 -2.14625 0.145148 0.0427855 -0.988484 35.3317 -0.910126 0.397636 -0.116431 14.9895
-0.190785 0.95506 0.226852 -3.12839 0.30044 0.276818 -0.912747 36.2843 -0.934525 -0.105984 -0.339751 16.8616
-0.308181 0.951223 0.0141488 -3.17922 0.426671 0.151497 -0.891628 36.2191 -0.85028 -0.268746 -0.452548 16.4369
-0.782018 0.54132 -0.308901 -3.80913 0.538815 0.338088 -0.771605 35.6922 -0.31325 -0.76985 -0.556063 19.4821
-0.761981 0.316931 -0.564748 -3.72051 0.643123 0.267965 -0.717348 34.9217 -0.0760165 -0.909807 -0.40801 19.8089
-0.719521 0.00220504 -0.694467 -4.47724 0.676553 0.227915 -0.700236 34.2456 0.156736 -0.973679 -0.165481 20.657
-0.661447 -0.168126 -0.730904 -5.12194 0.691474 0.240686 -0.681127 34.0619 0.290434 -0.955931 -0.0429466 20.6374
-0.810909 0.148272 -0.566076 -3.56289 0.353622 0.894919 -0.27216 37.6358 0.466239 -0.420874 -0.77813 21.3437
-0.745334 -0.0293101 -0.666047 -4.03143 0.535763 0.568243 -0.624547 36.245 0.396782 -0.822339 -0.407827 22.7557
-0.842331 0.196249 -0.501961 -2.51876 0.417926 0.825921 -0.378407 37.893 0.340318 -0.528527 -0.777717 22.2588
-0.784366 -0.154937 -0.600636 -3.62995 0.368676 0.662269 -0.652287 37.8459 0.498846 -0.733072 -0.46234 24.3682
-0.740502 -0.0767247 -0.66766 -3.80815 0.660789 0.0980093 -0.744145 35.2601 0.122531 -0.992224 -0.0218773 24.8959
-0.699272 -0.211917 -0.682722 -3.91305 0.621207 0.292435 -0.727038 35.8287 0.353723 -0.932509 -0.0728472 25.1765
-0.74578 -0.122666 -0.654802 -3.22533 0.645997 0.107021 -0.7558 34.6636 0.162788 -0.986661 -0.000572279 25.7852
-0.636074 -0.29196 -0.714261 -3.68811 0.771625 -0.238051 -0.589853 32.4358 0.00218256 -0.926332 0.376702 26.2718
-0.956194 0.164642 -0.242044 0.001207 0.27556 0.227215 -0.934045 33.7685 -0.098787 -0.959826 -0.262631 24.1684
-0.968332 -0.249132 -0.0163336 1.77794 -0.0915851 0.415312 -0.905057 35.8245 0.232262 -0.8749 -0.424977 24.3024
-0.843989 -0.518397 -0.137652 0.991483 0.109635 0.0844849 -0.990375 35.4802 0.525037 -0.850957 -0.0144698 23.8499
0.0658302 -0.972489 -0.223455 -0.177652 -0.0328029 0.221711 -0.974561 39.8806 0.997292 0.0714854 -0.0173052 24.0177
-0.152505 -0.736428 0.659103 -1.83083 0.474003 -0.639697 -0.60507 37.6065 0.867216 0.22014 0.446626 25.3944
0.101421 -0.488039 0.866909 -1.25505 0.71062 -0.5743 -0.406446 39.3033 0.696227 0.657265 0.288565 26.294
0.271737 -0.328496 0.904571 -1.99252 0.935928 -0.12862 -0.327865 41.4057 0.224049 0.935707 0.272498 26.1703
0.179485 -0.0979823 0.978869 -3.27801 0.923567 0.3595 -0.13336 43.198 -0.338836 0.927987 0.155018 26.3529
-0.0161152 0.561767 0.827138 -0.786414 0.996253 -0.061285 0.0610329 41.4639 0.0849774 0.825022 -0.558674 26.3466
-0.727837 0.326698 0.602927 -1.71996 0.607245 0.715542 0.34533 44.4854 -0.318601 0.617469 -0.719184 27.8717
-0.995739 0.0882273 0.0268236 -2.5058 0.0899923 0.866245 0.491448 44.6778 0.0201233 0.491768 -0.870494 29.2819
-0.994907 0.0064914 -0.100588 -2.61206 -0.0419739 0.880605 0.471988 44.8026 0.0916426 0.473806 -0.875848 28.3311
-0.737448 -0.351738 -0.576586 -4.07961 -0.670912 0.479787 0.565403 46.0568 0.0777648 0.803794 -0.589803 30.0111
-0.369887 -0.230977 -0.899907 -4.62398 -0.929065 0.0967801 0.357031 46.5355 0.00462713 0.968134 -0.25039 31.3148
-0.191826 -0.262813 -0.945586 -4.34849 -0.970779 -0.0907399 0.222157 48.0051 -0.144188 0.96057 -0.237727 31.0169
-0.225824 0.440336 -0.868969 -4.98266 -0.844847 -0.532634 -0.0503486 48.7539 -0.485013 0.722776 0.492298 33.3418
-0.339699 0.582676 -0.738304 -5.43757 -0.72702 -0.660686 -0.186912 49.4686 -0.596697 0.473268 0.648051 33.7495
-0.754878 0.599334 -0.266379 -6.14282 -0.543364 -0.798947 -0.25776 50.8234 -0.367307 -0.0498368 0.928764 35.3854
-0.82248 0.268268 0.501557 -6.10516 -0.532033 -0.67471 -0.511573 50.4954 0.201166 -0.687603 0.697663 37.9976
-0.629159 0.180274 0.756082 -5.33058 -0.672067 -0.614857 -0.412646 51.4749 0.390493 -0.767758 0.507999 38.706
-0.568382 0.061883 0.820434 -4.13876 -0.73174 -0.493919 -0.469682 51.7543 0.376163 -0.867303 0.326017 38.6376
-0.362205 0.112173 0.925324 -5.23047 -0.509099 -0.855384 -0.0955854 52.7336 0.780785 -0.505703 0.366931 40.4544
0.537167 0.514001 0.668771 -3.28858 -0.29059 -0.631562 0.718809 54.4174 0.791839 -0.580459 -0.189891 43.1508
0.777415 0.354423 0.519625 -1.18563 -0.272406 -0.554916 0.786043 55.8121 0.56694 -0.752631 -0.334853 42.9704
0.495126 0.824506 0.273936 -1.15493 -0.0823777 -0.269325 0.95952 56.3793 0.864907 -0.497649 -0.0654287 44.9983
0.689595 0.717705 -0.0967384 -0.549821 -0.210823 0.326746 0.921299 59.4547 0.692829 -0.614928 0.376631 46.0086
0.420344 0.802738 -0.422993 -0.484161 -0.676034 0.588009 0.444099 60.6319 0.605218 0.0992833 0.789844 48.9508
-0.0572649 0.899259 -0.433653 -0.713006 -0.986118 0.0168631 0.165188 60.5386 0.155859 0.437092 0.885809 50.5691
-0.141924 0.641991 -0.753462 0.252003 -0.925451 -0.356172 -0.129158 61.3038 -0.35128 0.678962 0.644681 52.9972
0.165821 0.388079 -0.906586 0.768135 -0.707952 -0.593139 -0.383393 62.7725 -0.686518 0.705394 0.176387 55.3918
-0.657571 0.497856 -0.565455 1.49886 -0.252684 -0.852813 -0.457013 60.802 -0.709755 -0.157637 0.686585 54.0969
-0.611842 0.386451 -0.690149 2.44241 -0.020672 -0.880038 -0.474453 61.5297 -0.79071 -0.276024 0.546433 55.0389
-0.542948 -0.122693 -0.830755 2.83546 0.72665 -0.564516 -0.391536 59.5328 -0.420936 -0.816252 0.395658 56.0317
0.177024 -0.365828 -0.913692 2.13526 0.566291 -0.721429 0.398565 61.3452 -0.80497 -0.587971 0.0794546 59.1113
0.544839 -0.499888 -0.673247 1.17496 0.554965 -0.386927 0.736411 61.0665 -0.628621 -0.774854 0.0666076 59.5847
0.545689 -0.751402 -0.370969 0.558704 0.172407 -0.33255 0.927193 63.2109 -0.820061 -0.569917 -0.0519214 60.584
0.534559 -0.839707 0.0956029 -0.378457 -0.431802 -0.174126 0.885001 64.1813 -0.726494 -0.514367 -0.455668 63.5302
0.516331 -0.849554 0.107981 -0.258942 -0.489907 -0.189596 0.850908 65.7722 -0.70242 -0.49225 -0.514097 64.3515
0.619255 -0.750899 0.229508 -0.844141 -0.591916 -0.254387 0.764802 66.4256 -0.515905 -0.609457 -0.602 64.5339
0.575912 -0.771638 0.27 -0.769834 -0.640883 -0.221106 0.735106 67.6388 -0.507537 -0.596395 -0.621868 65.9155
0.764286 -0.628872 0.142783 -0.682667 -0.517573 -0.466107 0.717539 67.5818 -0.384688 -0.622305 -0.681727 66.7699
0.932523 -0.245171 0.265126 0.123906 -0.353263 -0.467141 0.810546 68.6515 -0.0748709 -0.849512 -0.52223 65.6613
0.650035 -0.617487 0.442904 -0.727687 -0.653208 -0.156223 0.740887 70.8259 -0.388296 -0.770911 -0.504898 67.3303
0.893481 -0.337669 0.296092 -0.891686 -0.439214 -0.51943 0.732996 70.7281 -0.0937111 -0.784966 -0.61241 67.0428
0.971231 0.124754 0.202849 -0.943807 -0.0441044 -0.742835 0.66802 70.3195 0.234021 -0.657748 -0.715962 66.3404
0.989147 0.146518 0.0110117 -2.03144 0.12055 -0.852111 0.509289 70.5927 0.0840031 -0.502434 -0.860525 66.9551
0.989558 -0.143471 0.0137999 -3.05085 -0.130041 -0.84742 0.514752 72.1407 -0.0621575 -0.511172 -0.857228 68.0575
0.843377 -0.248823 -0.476238 -5.81855 -0.0385697 -0.912065 0.408228 72.8545 -0.535937 -0.325922 -0.778811 68.687
0.79458 0.281502 -0.537958 -6.76182 0.531534 -0.750744 0.392243 71.9498 -0.293451 -0.597611 -0.746155 66.0039
0.910018 0.312157 -0.272811 -7.34927 0.395879 -0.849684 0.348307 73.2062 -0.123077 -0.424966 -0.896803 67.0971
0.70292 0.636663 0.317119 -6.06646 0.429848 -0.735464 0.523759 74.0815 0.566688 -0.231848 -0.79064 65.3195
0.485772 0.628079 0.6079 -6.24081 0.674284 -0.711815 0.196624 74.1403 0.556208 0.314383 -0.769283 65.7255
0.187865 0.467531 0.863783 -5.8867 0.555084 -0.776069 0.299329 76.2811 0.810301 0.423239 -0.405315 65.4016
-0.299839 0.172018 0.938353 -4.6193 0.58915 -0.74024 0.323955 78.2187 0.750333 0.649965 0.120609 64.7283
-0.0995943 -0.60469 0.790209 -2.46965 0.9847 -0.174025 -0.00906166 78.1369 0.142995 0.777216 0.61277 64.7079
0.0125178 -0.864831 0.501906 -1.37522 0.973877 0.124361 0.189996 79.8747 -0.226732 0.486416 0.843796 65.021
0.726457 -0.685703 -0.0455153 -0.51483 0.683281 0.72779 -0.0587363 78.8589 0.0734012 0.0115697 0.997235 65.9332
0.925584 -0.348159 -0.148595 0.0543663 0.360602 0.930359 0.0663181 79.2938 0.115158 -0.114967 0.986672 66.1163
0.940387 -0.339933 0.0108223 -0.591395 0.326571 0.911395 0.25042 80.7917 -0.0949895 -0.231958 0.968077 65.6193
0.968125 0.176902 -0.177315 -0.199413 -0.138604 0.968039 0.20902 80.7977 0.208624 -0.177781 0.961702 66.2707
0.920411 0.156444 -0.358286 -2.02017 -0.0215727 0.935372 0.353007 81.2435 0.390357 -0.317182 0.864301 65.7912
0.702147 0.702672 0.11507 -0.161278 -0.711178 0.7 0.0650115 83.437 -0.0348671 -0.127483 0.991228 66.1633
-0.0171236 0.983722 -0.178879 1.62479 -0.845874 -0.109643 -0.521991 85.181 -0.533107 0.142371 0.833983 68.488
-0.178166 0.740933 -0.647515 1.27172 -0.909404 -0.375312 -0.179233 83.2669 -0.37582 0.55692 0.740675 68.7121
0.0257137 0.287224 -0.957518 2.15276 -0.669956 -0.705955 -0.229755 83.2241 -0.741956 0.647403 0.174275 70.333
0.275461 0.122487 -0.953477 2.53808 -0.494969 -0.832198 -0.249904 83.9857 -0.824092 0.54078 -0.168611 71.2438
0.478182 -0.357926 -0.802017 1.5825 -0.598887 -0.800833 0.000326617 84.2119 -0.642399 0.480162 -0.597301 72.9287
0.698467 -0.381993 -0.605166 1.80106 -0.560538 -0.817736 -0.130787 84.6281 -0.444906 0.430569 -0.785283 73.7655
0.855806 -0.0883509 -0.509696 2.53557 -0.267976 -0.918512 -0.29073 84.5142 -0.442476 0.385394 -0.809745 73.325
0.946979 0.0555038 -0.316466 2.96706 -0.0952473 -0.892195 -0.441493 84.4052 -0.306854 0.448227 -0.839603 73.4793
0.839303 -0.435045 -0.326046 1.59767 -0.543655 -0.6682 -0.507886 85.5757 0.00308971 0.603527 -0.797337 74.8735
0.841314 -0.477655 -0.253053 0.758103 -0.502937 -0.520135 -0.6903 85.0382 0.198103 0.708029 -0.677828 75.4647
0.286827 0.26201 -0.921456 0.878503 -0.685773 0.727786 -0.0065234 85.8586 0.668914 0.633781 0.388428 79.9937
0.103607 0.628382 -0.770975 0.865573 -0.707253 0.591559 0.387106 86.0728 0.699328 0.505167 0.505714 81.5698
-0.5461 0.688603 -0.477075 3.47725 -0.702785 -0.0666446 0.708273 87.2026 0.455924 0.72207 0.520335 82.508
-0.524902 0.763077 -0.377082 2.57171 -0.494399 0.087285 0.864841 88.8208 0.692854 0.640386 0.331448 83.6659
-0.452108 0.887692 -0.0871799 0.708332 -0.233424 -0.0234156 0.972093 89.1059 0.860878 0.459841 0.217795 85.8723
-0.704316 0.709782 -0.0122053 0.963918 -0.235852 -0.21775 0.947079 89.0678 0.669562 0.669921 0.320768 86.7796
-0.810686 0.492595 0.316445 1.84635 0.239468 -0.214235 0.946973 90.0454 0.534268 0.843477 0.055716 88.5659
-0.876436 0.243396 0.415474 2.18528 0.381618 -0.175084 0.907586 90.3405 0.293646 0.953994 0.0605657 89.8937
-0.845141 0.361293 0.39396 1.56697 0.43922 0.0492937 0.897026 91.8494 0.304669 0.931149 -0.200347 91.1974
-0.706042 0.696414 0.1285 2.08623 0.563066 0.442008 0.698273 94.7647 0.429489 0.565364 -0.704204 91.47
-0.794647 0.606887 -0.0149525 1.82845 0.392495 0.532405 0.749995 96.0229 0.463123 0.590113 -0.661274 91.9471
-0.60568 0.682939 -0.408346 -0.185175 -0.189491 0.374626 0.907606 97.6666 0.772816 0.627097 -0.0974927 90.703
-0.961273 0.261382 -0.087371 0.30087 -0.0608198 0.108013 0.992287 97.5606 0.268804 0.959173 -0.0879328 92.5375
-0.95373 0.262816 -0.146038 1.73501 0.0281522 0.561641 0.826902 99.8697 0.299344 0.78453 -0.543052 93.5281
-0.974172 -0.0869542 -0.208393 1.24691 -0.22518 0.305384 0.925221 100.357 -0.0168121 0.948251 -0.317077 93.776
-0.822891 -0.226801 -0.520972 0.450287 -0.556632 0.137705 0.819267 101.796 -0.11407 0.964157 -0.239561 93.4188
-0.383335 -0.373612 -0.844671 -1.03509 -0.765737 -0.382798 0.51683 103.407 -0.516432 0.844914 -0.139349 94.5541
-0.659643 -0.533735 -0.529148 0.284401 -0.401259 -0.345215 0.848421 103.701 -0.635502 0.771981 0.0135532 95.0371
-0.680423 -0.597918 -0.423696 0.991462 -0.355623 -0.236118 0.904312 104.829 -0.640747 0.765991 -0.0519732 94.691
-0.262953 -0.723062 -0.638778 -0.338753 -0.16676 -0.618051 0.768247 105.742 -0.950288 0.308535 0.04194 95.887
-0.267696 -0.779824 -0.565874 0.0191591 0.100607 -0.606722 0.788522 106.638 -0.958237 0.154153 0.240872 96.604
-0.0814636 -0.8473 -0.52483 -0.947288 0.959378 0.0760435 -0.271681 104.198 0.270105 -0.525643 0.806686 101.656
-0.0983971 -0.888765 -0.447678 -0.72808 0.90582 0.106292 -0.410113 105.225 0.412079 -0.445869 0.794601 102.926
-0.0709451 -0.96925 -0.235629 -0.310413 0.642029 0.136415 -0.754447 105.329 0.763391 -0.204805 0.612609 105.014
0.195034 -0.979492 -0.0505726 -0.601839 0.323976 0.113006 -0.939292 105.118 0.925744 0.166809 0.339372 107.329
0.43731 -0.833285 -0.338225 -1.11438 0.53739 0.543694 -0.644677 105.656 0.721091 0.100165 0.685562 106.171
0.632395 -0.479803 -0.608166 -1.50526 0.523203 0.843513 -0.12143 106.443 0.571258 -0.241402 0.784468 104.253
0.622923 -0.612575 -0.486537 -1.20243 0.317544 0.766403 -0.558383 105.506 0.714935 0.193333 0.67193 105.574
0.853181 -0.428017 -0.298133 -1.65549 0.362922 0.897629 -0.250098 107.306 0.374659 0.10518 0.921177 105.804
0.831633 -0.0915694 -0.547724 -1.7912 0.261539 0.93466 0.240849 109.075 0.489881 -0.343549 0.801243 103.836
0.999956 0.00309404 0.00881056 -0.456325 -0.00727598 0.849557 0.527446 111.059 -0.00585313 -0.527487 0.849543 104.177
0.939919 0.205643 0.272511 -0.83828 -0.288239 0.905767 0.310651 111.484 -0.182948 -0.370535 0.910623 105.079
0.618396 0.220315 0.754353 0.574313 -0.646424 0.688474 0.328845 113.128 -0.446903 -0.690988 0.568166 105.513
0.582294 0.174226 0.79409 1.60503 -0.759843 0.463964 0.455386 114.421 -0.289089 -0.868552 0.402548 104.411
0.392136 0.376138 0.839494 0.884006 -0.865031 0.461255 0.197397 115.048 -0.312972 -0.803595 0.506245 104.988
-0.0726825 0.273581 0.959099 0.985222 -0.983023 0.142788 -0.115225 116.96 -0.168471 -0.951191 0.258558 106.319
-0.698204 0.0864203 0.710663 1.98572 -0.715787 -0.101788 -0.69086 118.039 0.0126328 -0.991045 0.132927 108.563
-0.94463 -0.281397 0.168792 3.5893 -0.114075 -0.200694 -0.97299 119.228 0.307672 -0.93837 0.157481 110.93
-0.992741 -0.112693 0.0420082 2.94937 0.00198109 -0.364563 -0.931177 119.037 0.120252 -0.924334 0.36214 111.027
-0.903337 -0.414041 0.11204 3.381 -0.0105069 -0.23977 -0.970773 118.93 0.428803 -0.878112 0.212243 109.081
-0.648702 -0.460394 -0.605989 4.10812 0.756728 -0.474874 -0.449286 118.148 -0.0809197 -0.750022 0.656445 111.875
-0.467537 -0.499386 -0.729399 3.73458 0.830158 -0.531553 -0.168192 118.276 -0.303722 -0.684152 0.66309 112.573
-0.113455 -0.554641 -0.824319 2.93026 0.737611 -0.602863 0.304114 117.993 -0.665626 -0.573523 0.477508 113.813
0.276975 -0.680395 -0.678489 3.09005 0.464398 -0.52338 0.714429 118.649 -0.841201 -0.512968 0.171011 115.397
0.295567 -0.579362 -0.759592 3.38885 0.756132 -0.344082 0.556661 119.334 -0.58387 -0.738883 0.336375 114.457
0.598088 -0.613704 -0.515421 3.5817 0.479051 -0.241822 0.84382 120.028 -0.642495 -0.751592 0.149364 115.319
0.734931 -0.678142 0.000144373 2.94122 -0.147644 -0.1598 0.976046 120.803 -0.661875 -0.717347 -0.217566 116.805
0.151986 -0.964636 0.215353 2.19037 -0.897258 -0.0432794 0.439379 120.43 -0.414521 -0.260006 -0.872106 120.031
0.449108 -0.830088 0.330538 0.775783 -0.822336 -0.239362 0.516207 121.217 -0.349379 -0.503646 -0.79011 119.26
0.714083 -0.537743 0.448239 1.05923 -0.696576 -0.481978 0.531487 122.051 -0.0697624 -0.691758 -0.718751 118.476
0.933862 -0.266455 0.238544 1.08594 -0.35763 -0.698646 0.619673 121.753 0.00154257 -0.664 -0.747731 117.455
0.395277 -0.860147 0.322341 -0.813166 -0.905397 -0.305635 0.294693 123.069 -0.154961 -0.408332 -0.899584 119.135
0.161078 -0.513194 0.843022 -1.00567 -0.932808 -0.358169 -0.0398031 125.772 0.322371 -0.779966 -0.536405 117.874
0.477469 -0.225223 0.849293 -0.541825 -0.468128 -0.883185 0.0289696 125.6 0.743558 -0.41141 -0.527127 116.121
0.27678 -0.146928 0.949634 -1.38041 -0.760404 -0.637704 0.122961 127.571 0.587519 -0.756139 -0.288229 115.119
0.254747 -0.275569 0.926912 -2.19954 -0.886119 -0.450297 0.109663 128.832 0.387166 -0.849291 -0.358898 114.741
-0.185412 -0.577166 0.7953 -2.14742 -0.952906 -0.0920511 -0.288959 131.056 0.239986 -0.811422 -0.532917 115.838
0.562333 -0.615524 0.552189 -0.360056 -0.173996 -0.740899 -0.648686 129.939 0.808398 0.268699 -0.523731 115.599
0.965324 -0.2391 0.104791 -0.012871 0.0707275 -0.14686 -0.986625 129.136 0.251291 0.959825 -0.124856 117.449
0.996345 -0.0849239 -0.00921549 -0.244507 0.0210173 0.348275 -0.937157 129.712 0.0827965 0.933538 0.348787 118.894
0.918329 -0.299296 0.259024 0.273038 0.395134 0.654751 -0.644337 131.846 0.0232512 0.694063 0.719539 119.788
0.845433 -0.475085 -0.244003 -2.45746 0.0976959 0.586723 -0.803873 132.442 0.52507 0.655783 0.542448 119.123
0.683027 0.404845 -0.607927 -3.04796 -0.626531 0.752558 -0.202769 132.794 0.37541 0.519382 0.767665 121.592
0.80784 0.293809 -0.510951 -3.60597 -0.581059 0.542339 -0.606827 132.59 0.0988174 0.787112 0.608844 119.627
0.0783008 0.918599 -0.387357 -2.90783 -0.922654 -0.0803939 -0.377156 132.249 -0.377596 0.386928 0.841253 121.445
-0.620577 0.781273 0.0670508 -1.25275 -0.706447 -0.519928 -0.480217 132.884 -0.340319 -0.345379 0.874583 122.814
-0.982057 0.164953 0.0914043 0.367944 -0.18607 -0.76866 -0.611997 132.59 -0.0306917 -0.618023 0.785561 123.6
-0.693185 -0.24107 0.67925 0.286698 -0.210753 -0.833426 -0.510865 134.236 0.689259 -0.497278 0.526912 125.131
-0.302573 -0.0562316 0.951466 -0.864336 0.067105 -0.997038 -0.037585 134.93 0.950761 0.0524759 0.30545 126.54
-0.40911 0.141597 0.901432 -2.86041 -0.113486 -0.988112 0.103708 135.652 0.905401 -0.059872 0.420315 125.571
-0.162534 0.11042 0.980505 -0.645469 0.617855 -0.76339 0.188389 136.645 0.76931 0.63643 0.0558527 126.672
-0.446283 0.629021 0.636525 0.798048 0.893492 0.273437 0.356235 137.662 0.0500293 0.727712 -0.684055 129.317
-0.204022 0.579237 0.789214 1.00093 0.974808 0.194433 0.109298 139.556 -0.0901396 0.791631 -0.604313 127.908
-0.877946 0.178673 0.444169 0.841625 0.469117 0.506304 0.723592 137.86 -0.0955982 0.843642 -0.528326 129.254
-0.846855 -0.430271 -0.312576 0.992858 -0.531382 0.660624 0.530291 138.034 -0.0216736 0.615177 -0.788091 132.029
-0.723646 -0.675033 -0.143764 1.89323 -0.689759 0.700149 0.184453 140.239 -0.0238552 0.232641 -0.97227 131.692
-0.432446 -0.860854 -0.268181 1.8898 -0.870058 0.476459 -0.126437 142.069 0.236621 0.178656 -0.955035 131.913
0.392452 -0.693582 -0.604091 1.74137 -0.759157 0.126548 -0.638487 144.244 0.51929 0.709175 -0.476874 134.483
0.657024 0.127925 -0.742936 0.633978 -0.753862 0.115915 -0.646727 144.98 0.0033847 0.984987 0.172597 136.588
0.623966 0.33056 -0.708094 1.21044 -0.750127 -0.000617605 -0.661294 145.657 -0.219035 0.943785 0.247577 137.133
0.401947 0.636687 -0.658079 0.932928 -0.773647 -0.148302 -0.616017 146.303 -0.489805 0.756727 0.432962 137.949
0.532052 0.568385 -0.627582 0.277431 -0.602259 -0.266942 -0.752347 148.113 -0.595151 0.778255 0.200288 136.747
0.399169 0.664267 -0.631992 -0.227377 -0.487685 -0.429874 -0.75985 149.018 -0.77642 0.611521 0.152361 136.554
0.135506 0.612512 -0.77876 -1.49602 -0.374436 -0.696058 -0.612618 149.831 -0.917298 0.374609 0.135027 136.608
-0.101276 0.881285 -0.461605 -0.362637 -0.224053 -0.472276 -0.8525 150.443 -0.9693 0.0170864 0.245285 136.952
-0.568534 0.768652 -0.293161 -0.895926 -0.793716 -0.606215 -0.0501925 152.518 -0.216299 0.20415 0.954745 140.156
