-0.000926786 0.999999 0.000509796 -0.00119858 0.999999 0.000927199 -0.000812208 2.94381e-05 -0.00081268 0.000509043 -1 -0.0790998
-0.00191612 0.999998 0.00112956 -0.00150654 0.999997 0.00191762 -0.00132546 0.000155646 -0.00132762 0.00112702 -0.999998 -0.353878
-0.0028679 0.999946 0.0100101 0.00344381 0.999942 0.00297198 -0.0103983 -0.00538251 -0.0104274 0.00997968 -0.999896 -0.824058
-0.00384939 0.999949 0.00939031 0.00469362 0.999965 0.00391863 -0.00736693 -0.00551326 -0.00740335 0.00936163 -0.999929 -1.49013
-0.00482991 0.999903 0.013101 0.0107525 0.999884 0.0050182 -0.0143783 -0.0154818 -0.0144426 0.01303 -0.999811 -2.35202
-0.00572079 0.999811 0.018581 0.0230779 0.999938 0.00589682 -0.00943286 -0.0129137 -0.00954065 0.0185259 -0.999783 -3.40656
-0.00647507 0.998922 0.0459609 0.0866482 0.999848 0.00721103 -0.015865 -0.0291188 -0.0161794 0.0458512 -0.998817 -4.65773
-0.00757654 0.999421 0.0331729 0.0792107 0.999637 0.00842791 -0.0256004 -0.0618352 -0.0258652 0.0329669 -0.999122 -6.10405
-0.00928397 0.997825 0.0652614 0.201458 0.999769 0.00799816 0.0199362 0.0690448 0.0193709 0.0654314 -0.997669 -7.74481
-0.00994062 0.998909 -0.0456343 -0.177581 0.998709 0.00764483 -0.0502103 -0.178344 -0.0498066 -0.0460745 -0.997696 -9.5699
-0.00965853 0.999944 -0.00427241 -0.0409315 0.998999 0.00946259 -0.0437222 -0.185667 -0.0436793 -0.00469043 -0.999035 -11.5653
-0.0104324 0.999937 0.00415125 -0.0126467 0.999105 0.0105937 -0.0409443 -0.204847 -0.0409857 0.00372039 -0.999153 -13.7638
-0.0091878 0.999954 0.00280096 -0.0327374 0.98121 0.00955536 -0.192706 -1.13365 -0.192723 0.000977788 -0.981253 -16.1055
-0.0182538 0.998596 -0.0497213 -0.395001 0.994686 0.0130977 -0.10212 -0.726532 -0.101325 -0.0513212 -0.993529 -18.6951
-0.0125991 0.999298 0.0352921 0.149506 0.992968 0.0166585 -0.117202 -0.929734 -0.117707 0.0335673 -0.992481 -21.3779
-0.00936019 0.997382 0.0717028 0.458789 0.985073 0.0215226 -0.170785 -1.45261 -0.171882 0.0690339 -0.982696 -24.1917
-0.0281012 0.99847 -0.0476316 -0.52025 0.968853 0.0154773 -0.247153 -2.22647 -0.246038 -0.0530933 -0.967805 -27.085
-0.0286127 0.998505 -0.0465759 -0.595241 0.951452 0.0129197 -0.307526 -2.97512 -0.306464 -0.0531139 -0.950399 -30.1198
-0.0177833 0.999724 0.0153637 -0.0672504 0.958876 0.021406 -0.283016 -2.90675 -0.283267 0.00969895 -0.958992 -33.271
-0.0234506 0.999401 -0.025439 -0.481476 0.980198 0.0179804 -0.197203 -2.07369 -0.196628 -0.0295598 -0.980032 -36.5753
-0.0303268 0.986458 0.161185 1.43512 0.996468 0.042472 -0.0724452 -0.626735 -0.0783101 0.158419 -0.984262 -40.0081
-0.0316203 0.996877 0.0723599 0.683072 0.941298 0.0540447 -0.333221 -2.80002 -0.336091 0.0575757 -0.940068 -43.0969
-0.0158929 0.9882 0.152341 1.65402 0.884108 0.0850518 -0.459477 -3.87807 -0.467012 0.127383 -0.875027 -46.2917
0.00465135 0.976029 0.217591 2.57524 0.825433 0.119081 -0.551798 -4.58363 -0.564481 0.182173 -0.805092 -49.4292
-0.0184058 0.990568 0.135778 1.85539 0.796189 0.0966634 -0.597276 -4.57307 -0.604767 0.0971119 -0.790459 -52.661
0.0194789 0.974228 0.224724 2.84789 0.708127 0.145231 -0.690987 -4.41999 -0.705816 0.172593 -0.687048 -55.1288
0.0349994 0.987502 0.153674 2.27809 0.28598 0.137442 -0.948328 -7.76857 -0.957596 0.0771386 -0.277595 -56.8463
0.0603665 0.985867 0.156274 2.35397 0.139271 0.146709 -0.979326 -8.30418 -0.988413 0.0808828 -0.128446 -59.2975
0.196317 0.966257 0.166757 3.33258 -0.344768 0.227229 -0.91077 -10.9675 -0.917929 0.121307 0.377743 -60.1285
0.430849 0.891383 0.140732 5.44292 -0.710299 0.431165 -0.556392 -13.1344 -0.556637 0.139759 0.818915 -60.0414
0.298606 0.953651 0.0372048 4.76509 -0.951957 0.294848 0.0827224 -17.5806 0.0679185 -0.0601188 0.995878 -59.2971
0.24085 0.968158 -0.0682778 4.95471 -0.730481 0.227143 0.644053 -19.5558 0.639054 -0.105244 0.761928 -57.6197
0.278738 0.907797 -0.313385 7.10109 -0.392009 0.405445 0.825799 -20.084 0.876718 -0.107332 0.468877 -56.9579
0.13096 0.92233 -0.363533 7.9278 0.286437 0.31585 0.90454 -22.0159 0.949107 -0.222588 -0.222826 -54.0586
0.143906 0.980078 -0.136885 6.75653 0.788677 -0.0300357 0.614074 -24.8532 0.597729 -0.196327 -0.777287 -51.2352
0.215368 0.976377 -0.0174374 5.73019 0.947756 -0.204685 0.244667 -25.5658 0.235318 -0.0692198 -0.96945 -49.4166
0.140117 0.988113 0.0632499 6.27651 0.979144 -0.128787 -0.157131 -25.5818 -0.147117 0.0839475 -0.98555 -47.4276
0.193752 0.974864 0.109999 5.83941 0.844507 -0.108673 -0.524403 -25.8158 -0.499267 0.194499 -0.844335 -45.2142
0.279617 0.957357 0.0726785 4.86083 0.637702 -0.128599 -0.759472 -26.4684 -0.71774 0.258709 -0.646467 -43.4244
0.277717 0.956583 0.08844 4.83279 0.582947 -0.094634 -0.80698 -26.4739 -0.763574 0.275668 -0.583919 -43.0183
0.212117 0.948423 0.235586 6.07856 0.613077 0.0585832 -0.787848 -24.7936 -0.761014 0.311548 -0.56903 -42.0204
0.179385 0.932152 0.314505 6.80329 0.587552 0.154899 -0.794222 -23.914 -0.789053 0.32726 -0.519901 -40.7466
0.160888 0.930688 0.328534 6.94261 0.587736 0.177071 -0.789438 -23.0765 -0.792894 0.320103 -0.518511 -39.7125
0.217662 0.937895 0.27014 6.55232 0.257766 0.21171 -0.942728 -24.4574 -0.941371 0.274829 -0.195676 -36.7319
0.233861 0.951534 0.199732 5.93914 0.0627637 0.190226 -0.979732 -24.8008 -0.970242 0.241657 -0.0152354 -34.2442
0.240634 0.939174 0.245045 6.25928 0.0531814 0.239326 -0.969482 -24.8538 -0.969158 0.246322 0.00764329 -33.1276
0.294551 0.919859 0.259033 6.57131 -0.161203 0.315001 -0.935301 -25.5492 -0.941941 0.233737 0.241068 -30.6174
0.264531 0.944558 0.194507 5.98617 -0.117469 0.23175 -0.965657 -25.9026 -0.957196 0.232597 0.172261 -30.3996
0.347627 0.916906 0.19606 6.28881 -0.398466 0.333745 -0.854306 -26.5149 -0.848752 0.218856 0.481375 -27.2144
0.411579 0.844455 0.34278 7.45118 -0.395184 0.504277 -0.767811 -25.9815 -0.821238 0.180554 0.541265 -25.6369
0.418619 0.855525 0.304689 7.28122 -0.441211 0.484835 -0.75516 -26.0514 -0.793783 0.181692 0.580428 -24.5604
0.481772 0.817098 0.316618 7.90241 -0.574125 0.567285 -0.590397 -26.2824 -0.662025 0.102658 0.742418 -22.2466
0.490344 0.859224 0.145937 7.02413 -0.759713 0.503455 -0.411545 -26.1265 -0.427082 0.0909281 0.899629 -19.3268
0.466255 0.884023 0.0333092 6.18605 -0.828547 0.449572 -0.333758 -26.0016 -0.310025 0.128018 0.94207 -17.7127
0.449025 0.885584 -0.118814 5.72307 -0.893107 0.448871 -0.0295829 -26.8716 0.027134 0.119397 0.992476 -14.1974
0.577657 0.807235 -0.121179 7.13454 -0.747434 0.582747 0.31898 -26.7793 0.328109 -0.0936872 0.939983 -10.2442
0.483371 0.84602 -0.224949 6.48239 -0.661035 0.521206 0.539793 -27.0377 0.573921 -0.112221 0.811185 -6.8101
0.415213 0.866455 -0.277226 5.87423 -0.568759 0.48508 0.664237 -26.8476 0.710008 -0.118125 0.694215 -4.2174
0.379017 0.883748 -0.274472 5.09362 -0.651614 0.465478 0.59894 -26.9995 0.657073 -0.0481588 0.752287 -4.18128
0.449082 0.842808 -0.296648 5.84764 -0.357012 0.473616 0.805128 -25.2399 0.819065 -0.255662 0.513585 -0.693733
0.277508 0.904925 -0.322646 4.05811 -0.205249 0.383926 0.900263 -24.0185 0.938542 -0.183608 0.292278 1.73358
0.166579 0.932964 -0.319109 2.68983 -0.0161482 0.326169 0.945174 -22.3743 0.985896 -0.152293 0.0693985 3.81886
0.288603 0.889183 -0.355053 3.84868 0.208054 0.303729 0.929765 -20.3367 0.93457 -0.342203 -0.0973414 5.72233
0.302922 0.88461 -0.354547 3.73746 0.273203 0.275805 0.92157 -18.7561 0.913016 -0.376027 -0.158131 5.65854
0.397718 0.834733 -0.380843 4.9893 0.466754 0.173286 0.867244 -16.2925 0.789912 -0.522679 -0.320696 7.0804
0.213178 0.939503 -0.268122 2.2876 0.565317 0.105212 0.818136 -14.4745 0.796851 -0.325983 -0.508688 6.79162
0.301854 0.905458 -0.298379 3.48081 0.680456 0.0145871 0.732644 -12.157 0.667731 -0.424185 -0.611721 6.75875
0.291012 0.912076 -0.288841 3.32004 0.688622 0.00989824 0.725053 -11.5491 0.664162 -0.409901 -0.625196 6.94969
0.251021 0.943862 -0.214739 2.72395 0.810511 -0.0836644 0.579717 -9.24808 0.529207 -0.31957 -0.786012 5.55089
0.244096 0.954525 -0.171169 2.22525 0.868321 -0.136542 0.476839 -7.24038 0.431783 -0.265024 -0.862163 5.78269
0.284997 0.949286 -0.132792 2.72088 0.915077 -0.228215 0.332494 -5.10707 0.285327 -0.216274 -0.93371 4.77055
0.312537 0.942995 -0.114372 2.6654 0.923811 -0.273713 0.267682 -3.05529 0.221118 -0.189319 -0.956695 4.91612
0.206685 0.977237 -0.047838 0.783617 0.966492 -0.196316 0.165387 -2.21796 0.152231 -0.0804181 -0.985068 3.92799
0.0889647 0.995967 0.0115914 -0.898363 0.994918 -0.0894099 0.0463142 -2.30815 0.0471639 0.00741216 -0.99886 2.36329
0.116604 0.989166 0.0891814 -1.12999 0.985711 -0.10427 -0.132291 -0.903625 -0.121559 0.103333 -0.987191 0.182388
0.149975 0.982746 0.10825 -0.88551 0.97732 -0.130803 -0.16654 -0.176109 -0.149507 0.130772 -0.980075 -0.790567
0.0856673 0.995009 0.051163 -1.83019 0.993252 -0.0812609 -0.0827522 0.0514702 -0.0781816 0.0579068 -0.995256 -0.548974
0.141635 0.984764 0.10089 -1.50067 0.984981 -0.130027 -0.113604 1.3009 -0.098755 0.115465 -0.98839 -1.91628
0.121954 0.991005 0.0551062 -1.70613 0.992232 -0.120355 -0.0314728 1.34983 -0.0245574 0.0585164 -0.997984 -1.35513
0.121276 0.991025 0.056228 -1.823 0.992394 -0.119847 -0.0281316 1.75734 -0.0211403 0.059212 -0.998022 -1.86494
0.137997 0.98972 0.0375629 -1.88938 0.983401 -0.14143 0.113668 3.03633 0.117812 0.0212535 -0.992808 -1.42031
0.173195 0.978407 0.112797 -0.944621 0.943905 -0.19759 0.264578 4.32435 0.281153 0.0606457 -0.957745 -0.266331
0.1785 0.929639 0.322349 1.05408 0.908193 -0.281717 0.309549 6.11803 0.37858 0.237501 -0.894578 -1.15981
0.150605 0.959264 0.239022 0.106007 0.987719 -0.15618 0.00444542 4.62217 0.0415947 0.235417 -0.971004 -4.1069
0.161549 0.942632 0.29214 0.656648 0.986143 -0.142878 -0.0843076 4.81152 -0.0377307 0.301712 -0.952652 -6.2292
0.105226 0.985791 0.130936 -1.05729 0.971796 -0.0739913 -0.223913 3.85144 -0.211043 0.150805 -0.965774 -7.65289
0.174056 0.940335 0.292361 0.568653 0.975486 -0.12405 -0.181766 4.49801 -0.134653 0.316832 -0.938875 -7.67662
0.17366 0.948233 0.265889 0.278701 0.972443 -0.122465 -0.198387 4.63852 -0.155555 0.293014 -0.943369 -8.28211
0.133116 0.982491 0.130349 -1.22628 0.975265 -0.106436 -0.193723 5.1511 -0.176457 0.152912 -0.972358 -9.71259
0.239609 0.91978 0.310792 0.75735 0.923122 -0.116681 -0.366376 3.40024 -0.300722 0.374686 -0.877027 -10.7465
0.227616 0.943287 0.241663 0.274578 0.880648 -0.0935124 -0.46445 2.32199 -0.415511 0.318536 -0.851989 -13.3919
0.310633 0.844068 0.437101 3.03734 0.889633 -0.0962195 -0.446425 2.52063 -0.334756 0.527534 -0.780799 -15.0642
0.278867 0.925339 0.256867 0.704372 0.844227 -0.108731 -0.524841 1.63094 -0.457726 0.363215 -0.811518 -15.6048
0.224743 0.973052 0.0515824 -2.38677 0.811175 -0.157499 -0.563196 1.26495 -0.539895 0.168417 -0.824712 -15.7674
0.290151 0.948554 0.126722 -1.95366 0.783853 -0.159603 -0.600085 0.660873 -0.548987 0.273446 -0.789836 -16.2507
0.365658 0.91336 0.179073 -1.59531 0.721104 -0.156359 -0.674953 -0.619792 -0.588476 0.375932 -0.715801 -16.5828
0.399476 0.908638 0.121636 -2.18063 0.619382 -0.169693 -0.766531 -2.71054 -0.675859 0.38155 -0.630583 -17.9387
0.510235 0.820247 0.258564 -0.632616 0.569247 -0.0967312 -0.816456 -3.93524 -0.644685 0.563771 -0.516279 -17.5229
0.54499 0.764126 0.345104 0.530128 0.584683 -0.0513498 -0.809635 -4.46221 -0.600942 0.64302 -0.474757 -18.4203
0.523556 0.724045 0.449053 1.68098 0.687137 -0.0472273 -0.724991 -3.29704 -0.503719 0.688134 -0.522244 -19.7346
0.53876 0.723413 0.431753 1.59743 0.666004 -0.0518803 -0.744142 -3.49462 -0.515922 0.688463 -0.509747 -20.5449
0.59347 0.695334 0.405345 1.47294 0.568689 -0.00588262 -0.822532 -4.53652 -0.56955 0.718663 -0.39892 -20.1162
0.586507 0.623592 0.516858 2.83711 0.617668 0.0684253 -0.783457 -3.84564 -0.523924 0.778749 -0.345041 -20.0745
0.633468 0.630327 0.448783 2.6441 0.531222 0.0674346 -0.844545 -4.90123 -0.562603 0.773396 -0.292126 -20.537
0.651091 0.564289 0.5076 4.05605 0.516799 0.160203 -0.840984 -5.68607 -0.555877 0.809884 -0.187318 -20.5441
0.722535 0.555166 0.411988 4.12657 0.376485 0.183839 -0.907999 -7.68745 -0.57983 0.811168 -0.0761813 -20.4841
0.757963 0.473363 0.448798 4.9407 0.355923 0.276449 -0.89269 -7.4099 -0.546636 0.836363 0.0410575 -19.3386
0.828704 0.389872 0.401559 5.91839 0.245893 0.390902 -0.886979 -9.08108 -0.502778 0.833784 0.228075 -17.8891
0.841544 0.362789 0.400236 6.78837 0.243456 0.406686 -0.880531 -9.73912 -0.482217 0.838446 0.253921 -17.9516
0.936934 0.258031 0.235744 6.7158 0.0611881 0.54299 -0.837507 -10.9862 -0.344109 0.799113 0.492957 -14.962
0.934895 0.0417318 0.352462 9.58451 0.222206 0.705539 -0.672933 -10.7049 -0.276758 0.707441 0.650332 -12.6004
0.946073 0.0217002 0.323226 10.6769 0.20909 0.721199 -0.660419 -11.8006 -0.247442 0.692388 0.67777 -11.9402
0.992712 -0.027497 0.117328 10.4778 0.0901061 0.815863 -0.571181 -12.6486 -0.080018 0.577591 0.812395 -9.02363
0.99703 -0.0315819 -0.0702438 9.93329 -0.00856507 0.860931 -0.50865 -13.54 0.0765392 0.507741 0.858103 -6.84241
0.964811 -0.0907259 -0.246797 9.11437 -0.00953373 0.925902 -0.377644 -12.8945 0.262772 0.366708 0.892455 -3.97782
0.893189 -0.157652 -0.421141 9.33241 0.0897382 0.980183 -0.176603 -13.1981 0.440637 0.119948 0.889636 0.501638
0.837823 -0.0859955 -0.539126 7.65563 -0.00415382 0.986483 -0.163808 -13.4671 0.545926 0.139482 0.826142 1.3999
0.781098 -0.0404172 -0.623099 6.18276 -0.0796597 0.983299 -0.163641 -13.9566 0.619306 0.177455 0.764833 2.03159
0.567461 0.0772671 -0.819767 1.88293 -0.313893 0.940706 -0.128618 -14.8209 0.761222 0.330305 0.558068 1.09494
0.691401 -0.0348262 -0.721631 3.02404 -0.0867245 0.987614 -0.130754 -12.9153 0.717247 0.152987 0.679817 2.5345
0.732924 -0.0935484 -0.673848 3.40937 0.0403481 0.994734 -0.0942107 -11.8353 0.679113 0.0418607 0.732839 3.93229
0.593031 -0.040833 -0.804144 0.716387 0.0968724 0.995077 0.0209122 -10.0105 0.799331 -0.0903009 0.594067 4.17463
0.701422 -0.119927 -0.702585 2.02124 0.224695 0.972684 0.0582915 -8.91299 0.676402 -0.198754 0.709209 6.34472
0.582059 -0.0209025 -0.812878 -0.486704 0.290047 0.939248 0.183535 -7.53502 0.759658 -0.342601 0.552761 7.94321
0.535136 0.0452317 -0.843554 -1.84513 0.382936 0.877089 0.289958 -5.16182 0.752987 -0.478194 0.452041 7.86038
0.567249 0.0642896 -0.821033 -2.06508 0.465189 0.797655 0.383856 -2.64088 0.67958 -0.599677 0.422562 7.95491
0.593035 0.102984 -0.798564 -2.70154 0.522803 0.705035 0.47917 -0.170156 0.612362 -0.701656 0.36427 8.83229
0.737333 -0.0376106 -0.674482 -0.705367 0.510805 0.684419 0.520239 1.65054 0.442062 -0.728118 0.523856 10.5255
0.721644 -0.00631448 -0.692236 -1.81788 0.517926 0.668414 0.533831 2.94424 0.459329 -0.743762 0.485627 11.6938
0.67566 0.037927 -0.736237 -2.96525 0.538781 0.656246 0.528257 3.91467 0.503188 -0.753593 0.422965 11.7718
0.69457 0.0163109 -0.71924 -3.01889 0.528304 0.667041 0.525311 4.91852 0.488331 -0.744843 0.45469 12.5353
0.618768 0.188719 -0.762569 -4.28665 0.592147 0.52584 0.610618 7.1076 0.516224 -0.829384 0.213623 10.4073
0.588011 0.263773 -0.764635 -6.37356 0.622127 0.456648 0.635949 9.63087 0.516915 -0.849645 0.104414 10.6768
0.688561 0.382802 -0.61591 -5.83563 0.56839 0.242559 0.786192 13.8133 0.450351 -0.891419 -0.0505643 9.47994
0.75204 0.281383 -0.596036 -4.29245 0.505871 0.333293 0.79562 14.2627 0.422528 -0.899855 0.108306 10.4815
0.714201 0.267488 -0.646813 -4.61865 0.551084 0.354844 0.755243 14.6675 0.431536 -0.895844 0.106021 10.318
0.524939 0.229296 -0.819672 -7.56964 0.730057 0.373776 0.572108 13.9369 0.437556 -0.898729 0.0288109 9.53763
0.47023 0.226991 -0.852853 -8.5092 0.776868 0.352068 0.522039 14.1577 0.41876 -0.908033 -0.0107896 8.96111
0.545018 0.327659 -0.771748 -7.56461 0.739881 0.245008 0.626536 15.7569 0.394375 -0.912475 -0.108894 7.71483
0.495855 0.382049 -0.77985 -7.98741 0.802964 0.140292 0.579281 15.7119 0.330721 -0.913431 -0.237207 5.93103
0.504878 0.409684 -0.759775 -8.23593 0.804761 0.094928 0.585959 16.6284 0.312182 -0.907275 -0.281771 5.04686
0.487274 0.470641 -0.735568 -8.30491 0.840397 -0.0238677 0.541446 16.5416 0.237271 -0.882002 -0.407155 3.11306
0.369137 0.453743 -0.811083 -10.2169 0.920783 -0.0601624 0.385407 15.5821 0.126079 -0.8891 -0.440007 1.75659
0.318239 0.471437 -0.822478 -11.6338 0.947579 -0.132005 0.29098 15.4672 0.0286072 -0.871964 -0.488733 -0.137749
0.371183 0.474036 -0.798444 -11.4931 0.92447 -0.108045 0.365624 16.1317 0.0870507 -0.873851 -0.478337 0.00784742
0.362229 0.429332 -0.827324 -12.8758 0.922916 -0.040983 0.382815 17.3716 0.130448 -0.902217 -0.411082 0.0617573
0.380381 0.390987 -0.838117 -13.1393 0.902436 0.0413 0.428839 17.6505 0.202285 -0.919469 -0.337131 1.87136
0.417527 0.466626 -0.7797 -12.7697 0.877072 0.0173399 0.480046 18.6328 0.237522 -0.884285 -0.402025 1.36936
0.4295 0.614598 -0.661664 -11.6405 0.894924 -0.191497 0.403038 17.6611 0.120999 -0.765244 -0.632266 -1.51705
0.440333 0.611748 -0.657169 -11.7442 0.884673 -0.170756 0.433816 18.2201 0.15317 -0.772403 -0.616387 -0.884293
0.477312 0.714754 -0.511176 -9.85005 0.842096 -0.205831 0.498505 19.2403 0.251093 -0.668402 -0.700137 -1.15077
0.481099 0.699826 -0.528003 -10.1405 0.836851 -0.187163 0.514441 20.0289 0.261196 -0.689358 -0.675694 -0.509631
0.473689 0.745518 -0.468852 -9.62236 0.871766 -0.321316 0.369837 18.5713 0.125071 -0.583917 -0.802121 -2.08436
0.47231 0.722615 -0.504728 -10.0791 0.878443 -0.338775 0.337 18.1824 0.0725318 -0.602543 -0.794783 -0.737222
0.496589 0.801404 -0.333394 -8.12266 0.862826 -0.413952 0.29013 18.1325 0.0945027 -0.431736 -0.897036 -2.46861
0.49586 0.781704 -0.378234 -8.81339 0.863636 -0.398337 0.308966 18.91 0.0908558 -0.479861 -0.872627 -2.05387
0.508855 0.813382 -0.281917 -7.72247 0.855301 -0.440562 0.2727 18.8955 0.0976075 -0.379889 -0.919868 -2.30366
0.520569 0.830623 -0.197668 -6.72323 0.849192 -0.479609 0.221018 18.855 0.0887793 -0.282913 -0.955028 -3.48585
0.497115 0.857466 -0.132771 -5.90791 0.843287 -0.441416 0.306625 20.6671 0.204314 -0.264392 -0.942525 -2.91184
0.53627 0.837563 -0.104417 -5.86893 0.834701 -0.507901 0.212864 20.0072 0.125253 -0.20131 -0.971486 -1.8987
0.526681 0.845311 -0.0897601 -5.54355 0.836263 -0.496285 0.233167 21.076 0.152552 -0.197867 -0.968285 -3.04666
0.519917 0.854015 -0.0185442 -4.57312 0.835472 -0.503865 0.219333 21.6895 0.17797 -0.129528 -0.975474 -3.77212
0.543749 0.836537 0.067407 -3.34006 0.825471 -0.547588 0.136915 21.2907 0.151446 -0.018805 -0.988287 -4.79334
0.588423 0.800232 0.115701 -2.8742 0.801258 -0.596292 0.0492088 20.7988 0.10837 0.0637505 -0.992064 -4.93175
0.638568 0.753193 0.157893 -2.50427 0.76638 -0.641043 -0.041527 20.1701 0.0699384 0.147524 -0.986583 -4.99477
0.614429 0.746406 0.255646 -1.66297 0.777013 -0.628671 -0.03198 21.0118 0.136847 0.21829 -0.966241 -4.2718
0.565219 0.730286 0.38368 -0.220951 0.796242 -0.604568 -0.022266 21.9117 0.2157 0.318087 -0.923198 -3.52454
0.575807 0.649936 0.496013 1.50859 0.785639 -0.607782 -0.115637 21.3145 0.226311 0.456272 -0.860581 -3.23597
0.699165 0.504598 0.506507 2.28195 0.69788 -0.635587 -0.33014 18.9187 0.155341 0.584304 -0.796529 -3.26833
0.719222 0.380555 0.581289 4.1635 0.668732 -0.606113 -0.430609 17.5769 0.188457 0.69843 -0.690419 -2.85429
0.66909 0.417085 0.615109 5.31493 0.710264 -0.602469 -0.364082 18.372 0.218731 0.680494 -0.699346 -3.49836
0.692192 0.263206 0.672006 6.48163 0.677642 -0.55742 -0.479671 17.1798 0.248338 0.787404 -0.564201 -2.06962
0.615572 0.285481 0.734555 7.32404 0.734601 -0.545363 -0.403659 18.5473 0.285362 0.788086 -0.545425 -1.65913
0.544475 0.015672 0.83863 8.84263 0.770592 -0.404211 -0.492748 18.0956 0.331261 0.914532 -0.23216 2.38277
0.447787 -0.173183 0.877208 10.3723 0.826451 -0.294282 -0.479976 18.3846 0.34127 0.939897 0.0113517 5.6499
0.49641 -0.168074 0.851662 11.1682 0.798814 -0.295602 -0.523943 17.8442 0.339814 0.94041 -0.01248 5.60546
0.60867 -0.298367 0.735186 10.7687 0.712521 -0.202085 -0.671919 16.0933 0.349049 0.932812 0.08959 7.11691
0.637459 -0.355179 0.683736 10.9283 0.680396 -0.156902 -0.715851 15.406 0.361534 0.921537 0.141644 8.15983
0.493282 -0.384436 0.780309 12.7656 0.805108 -0.137867 -0.576883 16.9951 0.329353 0.912799 0.241505 9.95028
0.565598 -0.405598 0.718045 11.8183 0.743543 -0.125807 -0.656747 16.9381 0.356711 0.905352 0.230423 10.1448
0.557687 -0.626179 0.544871 11.6061 0.740393 0.0785187 -0.667572 15.7534 0.375237 0.775716 0.507407 14.3763
0.486758 -0.643257 0.591005 12.2597 0.810104 0.0792997 -0.580899 17.2126 0.326801 0.761533 0.559705 15.7361
0.518802 -0.682594 0.514694 12.1628 0.779574 0.130647 -0.612532 16.5973 0.350867 0.719025 0.599913 17.1808
0.397677 -0.779757 0.483562 13.2026 0.897137 0.219969 -0.38309 18.5969 0.192349 0.586167 0.787026 21.3423
0.401019 -0.827161 0.393686 12.7581 0.904548 0.289598 -0.31293 19.659 0.144833 0.481599 0.864341 23.7657
0.477491 -0.871511 0.111677 10.3627 0.870177 0.451462 -0.197419 20.3281 0.121635 0.191445 0.973937 27.9599
0.499243 -0.861859 0.0891906 9.67247 0.851486 0.468953 -0.234635 21.0016 0.160396 0.193085 0.967983 28.5276
0.532541 -0.846133 -0.021445 8.16482 0.818638 0.521341 -0.240906 21.443 0.215019 0.110736 0.970312 29.8439
0.533779 -0.838015 -0.113189 6.98386 0.830611 0.544694 -0.11573 23.2827 0.158637 -0.0322422 0.98681 32.1957
0.543029 -0.824386 -0.159709 5.94849 0.818608 0.562092 -0.118044 24.4415 0.187085 -0.0666379 0.980081 32.5088
0.557105 -0.78798 -0.26215 4.43804 0.816458 0.577405 -0.000498481 25.7279 0.151759 -0.213756 0.965027 35.8132
0.56091 -0.764318 -0.318117 3.29158 0.806552 0.591161 0.00178369 26.5645 0.186695 -0.257578 0.94805 36.8008
0.558293 -0.714017 -0.42248 1.36945 0.793796 0.607794 0.0217657 27.3469 0.24124 -0.347515 0.906111 38.1785
0.544031 -0.659548 -0.518678 -0.488728 0.786161 0.6167 0.0403946 28.2989 0.293227 -0.42974 0.854015 38.7637
0.61581 -0.670507 -0.413761 0.198718 0.783004 0.579231 0.226709 31.7558 0.087653 -0.463586 0.881706 40.4312
0.600061 -0.660789 -0.450871 -1.05544 0.788653 0.583074 0.195069 32.287 0.133991 -0.472634 0.871013 42.1709
0.636499 -0.639868 -0.430625 -0.949839 0.767872 0.578126 0.275939 34.382 0.0723914 -0.5063 0.859314 42.5969
0.637379 -0.624662 -0.45116 -2.45247 0.766323 0.575115 0.286341 35.7112 0.0806027 -0.528242 0.845259 44.8757
0.560189 -0.647358 -0.516832 -3.60436 0.80895 0.561811 0.173115 35.194 0.178295 -0.515068 0.838401 45.7651
0.55754 -0.605557 -0.567847 -4.78672 0.809541 0.548074 0.210376 36.4946 0.183827 -0.576989 0.795796 46.4564
0.531299 -0.634314 -0.561575 -5.18639 0.821419 0.547938 0.158223 36.6661 0.207345 -0.545352 0.812157 47.7331
0.427907 -0.661801 -0.615561 -6.50573 0.861367 0.504891 0.0559623 35.9394 0.273755 -0.554171 0.7861 48.5783
0.507895 -0.538494 -0.67236 -6.02081 0.835431 0.498193 0.232074 37.9202 0.209995 -0.67958 0.702904 47.3783
0.628727 -0.491645 -0.602485 -5.2125 0.762874 0.540162 0.355315 40.2561 0.150751 -0.683016 0.714677 48.4126
0.557331 -0.413198 -0.720174 -6.68182 0.809208 0.464536 0.359707 40.7492 0.185916 -0.783246 0.593263 47.5909
0.685991 -0.26397 -0.678038 -7.19461 0.712048 0.435244 0.550954 44.5549 0.149677 -0.860746 0.486532 47.3905
0.56712 -0.319872 -0.758984 -8.51175 0.803316 0.41824 0.423979 43.7698 0.181818 -0.850151 0.494151 48.2365
0.679313 -0.275928 -0.679998 -7.85799 0.71535 0.455724 0.529707 46.281 0.16373 -0.846274 0.506964 49.3072
0.706378 -0.12548 -0.696624 -8.63703 0.68347 0.376907 0.625148 48.761 0.184119 -0.917712 0.352001 48.1017
0.699717 0.00159815 -0.714418 -9.74653 0.683983 0.287279 0.670551 50.8592 0.206309 -0.957846 0.199921 46.8008
0.683548 0.0622279 -0.727248 -9.17412 0.697375 0.23846 0.675874 51.3222 0.215478 -0.969157 0.119603 46.2142
0.759604 0.108559 -0.641261 -9.08819 0.606325 0.238527 0.758601 54.3527 0.235311 -0.965049 0.115364 46.6482
0.706496 0.111909 -0.698813 -10.075 0.671416 0.206195 0.711818 54.929 0.22375 -0.972091 0.0705381 46.6716
0.617745 0.258964 -0.742515 -11.3384 0.7637 0.0275596 0.644983 55.3384 0.187491 -0.965494 -0.180746 43.7508
0.597372 0.243834 -0.763997 -12.2786 0.781745 0.0355187 0.622586 56.3122 0.178944 -0.969166 -0.169398 44.1812
0.58008 0.256387 -0.773157 -12.8546 0.797817 0.012622 0.602767 56.9837 0.164301 -0.966492 -0.197228 44.2842
0.620321 0.377337 -0.687618 -12.618 0.764664 -0.0957657 0.637274 58.7383 0.174617 -0.921111 -0.347941 42.5078
0.63492 0.367113 -0.679783 -12.7238 0.747274 -0.0684707 0.660979 59.8151 0.196109 -0.927653 -0.317807 43.5313
0.614898 0.438176 -0.655669 -13.2187 0.773962 -0.175826 0.608333 60.4657 0.151273 -0.881525 -0.447247 42.0353
0.629103 0.469264 -0.619694 -13.4549 0.75904 -0.198971 0.619894 61.8431 0.167593 -0.86035 -0.481364 41.808
0.605992 0.47748 -0.636228 -13.9055 0.786367 -0.238924 0.569687 61.811 0.120004 -0.845534 -0.520261 42.2228
0.636831 0.562542 -0.52725 -13.2381 0.755613 -0.319416 0.571859 63.0059 0.153283 -0.762574 -0.628478 41.0625
0.647726 0.645338 -0.404957 -12.4128 0.749409 -0.443919 0.491246 63.3013 0.137251 -0.621671 -0.77116 39.1572
0.623492 0.631393 -0.461087 -13.5624 0.778637 -0.448222 0.439114 63.6739 0.0705838 -0.632803 -0.771089 39.3481
0.657714 0.683858 -0.315834 -12.0301 0.720987 -0.450092 0.526873 65.4398 0.218152 -0.574244 -0.789084 40.0646
0.654137 0.748259 -0.110513 -9.99004 0.69216 -0.533262 0.48636 66.4714 0.304991 -0.394639 -0.866741 38.4986
0.650542 0.750102 -0.11892 -10.1029 0.716961 -0.554902 0.421961 66.5531 0.250525 -0.359764 -0.898781 39.099
0.63774 0.769454 -0.0350536 -9.27582 0.679074 -0.540187 0.497048 68.8919 0.36352 -0.340791 -0.867015 39.1715
0.633478 0.773582 -0.0166166 -9.10798 0.687513 -0.552884 0.470792 69.5475 0.355009 -0.30966 -0.882088 40.5671
0.644288 0.764721 0.00971663 -8.99724 0.718603 -0.609683 0.334508 68.9587 0.26173 -0.208537 -0.942343 40.9357
0.625271 0.764656 0.156004 -7.37886 0.717902 -0.64197 0.269241 69.2004 0.306027 -0.0563529 -0.950354 41.8475
0.597187 0.75753 0.263659 -6.13193 0.716272 -0.651593 0.249762 70.0813 0.361 0.0396968 -0.93172 42.9255
0.646486 0.675257 0.355082 -4.6136 0.733287 -0.678435 -0.0448962 67.6751 0.210584 0.289402 -0.933756 41.707
0.627934 0.61079 0.482322 -2.67395 0.733315 -0.671915 -0.103821 67.7923 0.260667 0.418887 -0.86982 42.2091
0.687261 0.496326 0.530408 -1.32109 0.709507 -0.615254 -0.343603 65.411 0.155797 0.612473 -0.774986 42.6994
0.65427 0.46635 0.595356 -0.760866 0.722364 -0.618419 -0.30943 66.4915 0.223877 0.632515 -0.741488 44.8124
0.713839 0.431238 0.551786 -0.890501 0.687398 -0.582065 -0.434377 65.4466 0.133856 0.689372 -0.711933 45.3444
0.669233 0.414804 0.616495 -0.144412 0.715178 -0.584698 -0.382948 66.7756 0.201615 0.697184 -0.687957 46.5046
0.646281 0.287604 0.706828 1.00295 0.724604 -0.521768 -0.45023 66.6722 0.239312 0.803145 -0.545608 49.2389
0.580009 0.213255 0.786201 2.59164 0.758706 -0.492787 -0.426059 67.5418 0.29657 0.843613 -0.447619 50.8778
0.616514 0.162348 0.770424 2.97608 0.740937 -0.450603 -0.497965 67.2648 0.266312 0.877838 -0.398093 51.9922
0.556008 0.0307632 0.830607 4.62518 0.777569 -0.372327 -0.506714 67.5604 0.293669 0.927592 -0.230937 54.5127
0.588112 -0.107855 0.801556 5.65616 0.763664 -0.252326 -0.594263 66.5012 0.266348 0.961613 -0.0660312 56.9374
0.5472 -0.0999303 0.831015 6.90861 0.788323 -0.272121 -0.551812 67.4276 0.281279 0.95706 -0.0701272 57.65
0.505374 -0.204591 0.838296 7.57998 0.817755 -0.196562 -0.540963 68.2584 0.275453 0.958909 0.0679682 60.4271
0.586945 -0.251799 0.769475 7.65628 0.767178 -0.130728 -0.627972 67.5352 0.258714 0.95891 0.116445 61.9861
0.664042 -0.275886 0.694935 7.62821 0.702738 -0.0871384 -0.706092 66.764 0.255356 0.957232 0.136012 63.2317
0.713964 -0.353912 0.604153 7.21146 0.646174 0.000739241 -0.76319 66.196 0.269656 0.935278 0.229217 65.5055
0.698208 -0.441118 0.563845 7.12101 0.657626 0.0839617 -0.748651 66.675 0.282902 0.893513 0.348713 68.2653
0.763979 -0.482504 0.4284 5.33643 0.5585 0.162 -0.813531 66.4259 0.323131 0.860782 0.393243 70.1273
0.86721 -0.363316 0.340513 3.77106 0.384424 0.053852 -0.921584 65.6634 0.316489 0.930108 0.186369 68.521
0.820227 -0.469708 0.326499 3.68636 0.448799 0.1745 -0.87643 66.2973 0.354692 0.865404 0.353935 71.8857
0.827727 -0.404129 0.389291 4.08537 0.465456 0.107015 -0.878578 67.045 0.313399 0.90842 0.276684 71.7457
0.818776 -0.464295 0.337692 3.64721 0.459971 0.178524 -0.869802 67.1499 0.343559 0.867502 0.359734 74.1228
0.796442 -0.4725 0.377391 3.76362 0.521635 0.22111 -0.824019 68.7704 0.305904 0.853144 0.422573 75.5614
0.77585 -0.450988 0.44121 4.38603 0.580445 0.236151 -0.779305 70.4572 0.247264 0.860722 0.444992 76.4932
0.768364 -0.424042 0.47938 5.22631 0.601416 0.222203 -0.767414 71.0905 0.218896 0.87796 0.425759 77.5332
0.752112 -0.426553 0.502375 5.75841 0.640565 0.293943 -0.709418 72.9336 0.154935 0.855366 0.494313 79.1951
0.767392 -0.446233 0.460419 5.65442 0.606965 0.274139 -0.74595 72.8742 0.206649 0.851894 0.48122 80.4881
0.773349 -0.45685 0.439567 5.69136 0.591563 0.270645 -0.759476 73.5114 0.228 0.847372 0.479559 81.379
0.780422 -0.505423 0.368088 4.82157 0.557161 0.294991 -0.776242 74.515 0.283748 0.810881 0.51182 82.0147
0.78135 -0.527265 0.333892 4.59645 0.53844 0.299017 -0.787827 74.9612 0.315554 0.79535 0.517537 83.1903
0.757468 -0.624178 0.191429 2.44657 0.460606 0.303111 -0.834246 75.1027 0.462693 0.720087 0.517097 83.6358
0.777961 -0.576546 0.249744 3.54481 0.524431 0.376921 -0.763481 77.2607 0.346048 0.724931 0.595588 85.032
0.793261 -0.547455 0.266515 4.10427 0.57185 0.519533 -0.63488 80.0267 0.209105 0.656033 0.725187 88.1575
0.765366 -0.610058 0.205046 3.27324 0.501115 0.364958 -0.784659 78.1663 0.403854 0.703303 0.585036 87.844
0.766871 -0.61123 0.195721 3.31778 0.501992 0.381235 -0.776314 78.819 0.39989 0.693583 0.599191 89.4422
0.76675 -0.620763 0.163548 3.07634 0.503878 0.424126 -0.752479 80.0119 0.397746 0.659372 0.637987 90.8029
0.743677 -0.665136 0.0673757 1.59549 0.494617 0.479604 -0.724799 81.1611 0.449776 0.572341 0.685658 92.692
0.739519 -0.67114 0.0517965 1.46088 0.489103 0.482877 -0.726367 81.8665 0.462482 0.562496 0.685353 93.7804
0.718226 -0.692404 0.0687633 1.84084 0.458495 0.396613 -0.795286 81.1976 0.523387 0.602723 0.602322 93.6105
0.699659 -0.711278 0.0675282 1.92612 0.438869 0.353261 -0.826197 80.9768 0.563801 0.607692 0.55932 94.04
0.681343 -0.731255 -0.0322152 0.517566 0.455663 0.458183 -0.763177 82.8859 0.572837 0.505306 0.645386 95.8011
0.603322 -0.79418 -0.0726688 -0.661732 0.417399 0.3921 -0.819778 82.0886 0.679545 0.464258 0.568052 96.2168
0.691995 -0.718035 -0.074616 -0.410233 0.458695 0.517151 -0.722603 84.4349 0.557442 0.465812 0.687225 99.5703
0.671834 -0.734921 -0.0923602 -0.721107 0.449714 0.503797 -0.737527 84.7157 0.588555 0.45396 0.668972 100.739
0.755072 -0.654706 -0.0350222 1.3576 0.454382 0.561051 -0.691924 86.3968 0.472656 0.506539 0.72112 102.148
0.732583 -0.666522 -0.138098 0.314791 0.439002 0.617701 -0.652475 88.0105 0.520192 0.417367 0.745121 103.286
0.621357 -0.748558 -0.231467 -1.96742 0.42627 0.570827 -0.701748 87.73 0.657427 0.337368 0.673775 104.427
0.554247 -0.796691 -0.241028 -2.5613 0.40926 0.512995 -0.754548 87.2819 0.724788 0.319562 0.610379 105.177
0.583469 -0.771277 -0.254355 -2.33764 0.409303 0.549773 -0.728163 88.3859 0.701452 0.320752 0.636461 106.753
0.538688 -0.798342 -0.269194 -2.8661 0.400699 0.523838 -0.751687 88.4473 0.741118 0.297059 0.60208 107.898
0.501765 -0.789496 -0.353451 -4.15442 0.400442 0.574199 -0.714103 89.7768 0.766732 0.216775 0.60426 109.196
0.541555 -0.706831 -0.455091 -4.28448 0.399686 0.692735 -0.600308 92.6131 0.739574 0.143206 0.657665 110.294
0.466384 -0.711637 -0.525413 -5.54481 0.394074 0.698919 -0.59684 93.5619 0.791954 0.0713054 0.606402 111.038
0.240715 -0.709043 -0.662808 -8.67554 0.389709 0.69603 -0.60305 94.4094 0.888922 -0.11314 0.443865 110.252
0.23247 -0.735898 -0.635934 -9.09463 0.374837 0.671127 -0.639599 94.6111 0.897471 -0.0896837 0.431859 111.756
0.3334 -0.642596 -0.689866 -8.62052 0.382007 0.761049 -0.524285 97.2486 0.861925 -0.0887374 0.49921 113.462
0.184312 -0.665545 -0.723242 -10.1683 0.379708 0.726935 -0.572178 97.5345 0.90656 -0.169161 0.386695 113.508
0.0276667 -0.619042 -0.78487 -12.0317 0.387874 0.730301 -0.562329 98.6739 0.921297 -0.288873 0.260316 113.062
-0.00615582 -0.530512 -0.847655 -13.6532 0.407698 0.772688 -0.486554 100.791 0.913096 -0.348582 0.211532 113.782
-0.0706774 -0.538963 -0.839359 -13.75 0.400286 0.755415 -0.518767 101.319 0.913661 -0.372649 0.162349 114.208
-0.191548 -0.477652 -0.857414 -14.5055 0.411654 0.75394 -0.511972 102.431 0.890983 -0.451025 0.0522113 113.748
-0.247434 -0.405034 -0.880184 -15.8362 0.428599 0.768963 -0.47434 104.057 0.868953 -0.494614 -0.0166704 114.069
-0.304575 -0.336291 -0.891146 -16.3686 0.44323 0.778088 -0.445113 105.526 0.843078 -0.530554 -0.0879322 114.232
-0.265922 -0.524535 -0.808794 -16.6441 0.393003 0.707124 -0.587813 104.551 0.880246 -0.474171 0.0181043 117.169
-0.304376 -0.429466 -0.850243 -17.2039 0.41045 0.746348 -0.523923 106.359 0.859585 -0.508452 -0.0508959 117.708
-0.353137 -0.410956 -0.840482 -17.5251 0.414485 0.736666 -0.534345 107.176 0.838747 -0.537064 -0.0898091 118.634
-0.410693 -0.414258 -0.812232 -18.1488 0.415659 0.707807 -0.571171 107.66 0.811516 -0.572188 -0.118502 119.611
-0.66693 -0.271716 -0.693812 -19.1772 0.434762 0.614302 -0.658495 107.604 0.605134 -0.740813 -0.291565 117.102
-0.851801 -0.0342192 -0.522747 -19.9471 0.42892 0.527356 -0.733432 107.656 0.300771 -0.848955 -0.434525 113.695
-0.922165 -8.95368e-05 -0.386797 -20.0711 0.344571 0.454145 -0.821598 106.705 0.175736 -0.890928 -0.418765 113.206
-0.877602 0.17244 -0.447302 -20.2267 0.467668 0.513036 -0.719778 109.349 0.105363 -0.840868 -0.530886 112.591
-0.845848 0.436531 -0.306564 -20.0073 0.510911 0.497794 -0.700836 110.913 -0.15333 -0.749428 -0.644087 109.336
-0.750464 0.604192 -0.267872 -18.7523 0.618852 0.500125 -0.60572 113.591 -0.232002 -0.620344 -0.749232 108.361
-0.754218 0.629907 -0.185398 -18.6159 0.576144 0.499407 -0.647033 114.144 -0.314981 -0.59482 -0.739578 107.794
-0.666128 0.743307 -0.0613861 -17.0198 0.611957 0.497652 -0.614697 115.968 -0.426359 -0.447032 -0.786371 106.586
-0.547172 0.821839 0.158694 -15.1844 0.575563 0.507086 -0.641553 116.825 -0.607725 -0.259701 -0.750484 104.017
-0.541565 0.815638 0.203572 -14.9294 0.531652 0.519886 -0.66863 117.572 -0.651194 -0.253877 -0.715187 103.703
-0.502942 0.840263 0.202502 -14.3037 0.605485 0.509716 -0.61121 120.132 -0.616796 -0.184792 -0.765124 104.258
-0.463676 0.849387 0.252082 -13.1039 0.614131 0.513191 -0.599565 121.917 -0.638629 -0.123193 -0.75959 105.243
-0.389003 0.855456 0.341866 -11.2989 0.629865 0.517782 -0.57894 123.961 -0.67227 -0.0098803 -0.740241 106.363
-0.36314 0.839442 0.404309 -10.6127 0.476719 0.540228 -0.693465 123.305 -0.800542 -0.0590833 -0.596357 106.022
-0.208456 0.831727 0.514564 -8.43205 0.276162 0.554768 -0.784836 121.97 -0.938233 -0.0215004 -0.345336 104.005
-0.103731 0.831409 0.545893 -6.83422 0.151408 0.555657 -0.817509 121.769 -0.983014 -0.00214846 -0.18352 105.571
-0.0493883 0.835543 0.547201 -5.88523 0.0692709 0.549415 -0.832673 121.909 -0.996375 -0.00321916 -0.0850135 106.183
-0.0328237 0.850551 0.524868 -5.49211 -0.0397481 0.523624 -0.851022 121.625 -0.99867 -0.0487961 0.0166205 107.203
0.0931713 0.841652 0.531921 -3.87413 -0.0388921 0.536914 -0.84274 122.781 -0.99489 0.0578316 0.0827586 108.598
0.189162 0.836935 0.513573 -1.91252 -0.0857878 0.535102 -0.84042 123.114 -0.978191 0.114917 0.17302 108.633
0.299844 0.815927 0.494325 -0.139728 -0.106537 0.543565 -0.832579 123.936 -0.948021 0.19698 0.249911 109.843
0.350852 0.810458 0.469107 0.59064 -0.136162 0.53978 -0.830721 124.737 -0.926479 0.227586 0.299737 111.463
0.423847 0.840133 0.338423 1.14135 -0.29181 0.480387 -0.827089 123.866 -0.857439 0.251804 0.448769 114.184
0.332752 0.882022 0.333637 0.703225 -0.325367 0.439455 -0.837267 124.13 -0.885106 0.170048 0.43321 114.497
0.35321 0.8794 0.319215 2.20903 -0.336 0.437684 -0.833989 124.623 -0.873125 0.187317 0.450072 115.05
0.296611 0.925303 0.236297 3.19333 -0.407082 0.34633 -0.845186 123.73 -0.86389 0.154499 0.479399 115.375
0.336722 0.9159 0.218508 2.58041 -0.414884 0.352633 -0.838762 124.832 -0.845275 0.191774 0.498731 117.168
0.333385 0.867227 0.369827 3.28083 -0.332771 0.475263 -0.814487 127.515 -0.88211 0.14847 0.447033 117.071
0.227803 0.92442 0.305866 4.24485 -0.352098 0.371074 -0.859262 126.825 -0.907818 0.0880479 0.410018 116.703
0.188148 0.905954 0.379272 4.41142 -0.32753 0.42194 -0.845394 128.579 -0.925918 0.0348366 0.376115 116.429
0.180415 0.91341 0.364874 4.69296 -0.330018 0.405672 -0.85236 129.424 -0.926573 0.0333634 0.374631 116.789
0.319441 0.872456 0.369834 5.80697 -0.365091 0.473466 -0.801585 131.271 -0.874452 0.121036 0.46977 118.958
0.289722 0.926193 0.241303 7.26302 -0.380478 0.342791 -0.858913 130.14 -0.878236 0.157035 0.45171 119.968
0.399943 0.914255 0.0646809 8.09305 -0.438612 0.252881 -0.862363 129.498 -0.804777 0.316526 0.502141 123.128
0.488022 0.872759 -0.0112301 8.68152 -0.476313 0.255515 -0.841331 130.123 -0.73141 0.415937 0.540404 125.777
0.566402 0.823418 0.0342269 9.75022 -0.4768 0.361284 -0.801334 132.245 -0.672198 0.437558 0.597237 127.825
0.48787 0.872485 -0.0274536 9.03182 -0.481689 0.242852 -0.84202 132.118 -0.727983 0.42402 0.538747 127.643
0.584124 0.795271 -0.162304 8.99612 -0.540505 0.231948 -0.808736 132.564 -0.605518 0.560129 0.565335 131.274
0.414032 0.895363 -0.16402 9.14033 -0.485093 0.0645612 -0.872076 131.673 -0.770235 0.440632 0.461065 129.273
0.459424 0.849189 -0.2604 9.3555 -0.513796 0.0149366 -0.857782 131.414 -0.72453 0.527878 0.443172 131.768
0.481917 0.835098 -0.265268 10.1862 -0.530624 0.0372309 -0.846789 132.096 -0.697276 0.54884 0.461066 133.609
0.45401 0.840404 -0.295966 10.9372 -0.514079 -0.0242318 -0.857401 131.754 -0.727735 0.541418 0.421033 134.636
0.509257 0.796165 -0.32677 11.059 -0.567221 0.0249547 -0.823187 133 -0.647238 0.604565 0.46431 137.039
0.53551 0.726593 -0.430455 10.3525 -0.609413 -0.0204074 -0.79259 133.17 -0.584675 0.686765 0.431867 139.331
0.492671 0.708288 -0.505572 9.44071 -0.579554 -0.166324 -0.79778 132.717 -0.649147 0.686049 0.328548 138.952
0.490449 0.740221 -0.459928 10.7316 -0.588987 -0.107428 -0.80097 133.854 -0.642304 0.663726 0.383293 140.382
0.522672 0.705894 -0.478045 11.2962 -0.657206 -0.023557 -0.753343 135.22 -0.543042 0.707925 0.451606 143.493
0.491034 0.737832 -0.46313 11.8211 -0.608893 -0.089513 -0.788186 136.024 -0.623005 0.669022 0.405307 142.714
0.493548 0.638477 -0.590557 10.8477 -0.555071 -0.291506 -0.779051 133.884 -0.669557 0.7123 0.210527 144.066
0.515703 0.539628 -0.665471 10.1283 -0.630655 -0.286664 -0.721178 134.033 -0.579935 0.791596 0.192486 147.178
0.50338 0.573948 -0.645904 10.9293 -0.622985 -0.276911 -0.731581 135.383 -0.598748 0.770651 0.21817 147.506
0.49828 0.532059 -0.684565 10.7057 -0.65409 -0.287584 -0.699615 136.49 -0.569107 0.796372 0.204717 148.573
0.47401 0.477509 -0.739797 10.3159 -0.792168 -0.135553 -0.595059 139.078 -0.384428 0.868107 0.314014 152.184
0.431543 0.372232 -0.821714 8.98969 -0.839942 -0.166454 -0.516518 139.643 -0.329042 0.913092 0.240821 154.597
0.443955 0.370423 -0.815899 9.39881 -0.789544 -0.268847 -0.551672 139.608 -0.423704 0.889105 0.17311 155.278
0.445049 0.301144 -0.843353 8.81011 -0.760591 -0.369987 -0.533489 139.532 -0.472686 0.878876 0.0643854 156.127
0.443707 0.164408 -0.880962 7.39915 -0.742589 -0.482855 -0.464125 140.126 -0.501683 0.860128 -0.0921587 155.788
0.460376 0.0518111 -0.886211 6.18336 -0.706971 -0.582359 -0.401311 140.153 -0.536885 0.811279 -0.231475 155.83
0.471639 -0.128175 -0.872427 3.89501 -0.704183 -0.650241 -0.285153 140.239 -0.530738 0.748837 -0.396938 155.971
0.50454 -0.0730873 -0.860289 4.65863 -0.625686 -0.717556 -0.30599 140.29 -0.594942 0.692656 -0.407766 156.186
0.4282 -0.171035 -0.887351 3.30287 -0.751209 -0.613186 -0.244313 142.204 -0.502325 0.771201 -0.391049 158.575
0.414554 -0.282269 -0.865141 1.82004 -0.766043 -0.621433 -0.164315 143.103 -0.491247 0.730852 -0.473848 159.2
0.380724 -0.198266 -0.903183 2.60577 -0.798419 -0.563194 -0.21293 144.463 -0.46645 0.802187 -0.372721 161.884
0.392183 -0.223869 -0.89223 2.16278 -0.784179 -0.588418 -0.197049 145.007 -0.480891 0.776948 -0.406321 163.177
0.471335 -0.336553 -0.815215 1.34766 -0.709925 -0.693227 -0.124268 145.396 -0.523306 0.637314 -0.565669 162.097
