-6.31527e-05 0.999998 -0.00202555 9.02253 1 6.375e-05 0.000294814 -1.42557 0.000294943 -0.00202554 -0.999998 -10.053
-9.94602e-05 0.999952 -0.00977432 8.9914 0.999997 0.000125214 0.00263421 -1.41584 0.00263531 -0.00977402 -0.999949 -10.3083
-0.00059718 0.999986 -0.00522804 8.99632 0.999828 0.000500054 -0.0185596 -1.45207 -0.0185567 -0.00523822 -0.999814 -10.7503
-0.000831095 0.998528 -0.0542328 8.93334 0.999998 0.000915392 0.00152953 -1.43281 0.00157693 -0.0542314 -0.998527 -11.3865
-0.0035598 0.992488 -0.122294 8.82633 0.999956 0.00246693 -0.00908664 -1.44592 -0.00871669 -0.122321 -0.992452 -12.2138
-0.00146297 0.972551 -0.232684 8.60693 0.999407 0.00942555 0.0331124 -1.38685 0.0343967 -0.232498 -0.971989 -13.1949
-0.00699169 0.951153 -0.30864 8.3444 0.999122 0.0193929 0.0371308 -1.36039 0.0413025 -0.30811 -0.950454 -14.3771
-0.015444 0.806393 -0.591178 7.46688 0.998704 0.0411128 0.0299895 -1.33623 0.0484884 -0.589949 -0.805983 -15.7092
0.126566 0.689761 -0.712889 6.60423 0.963944 0.0840683 0.252478 -0.684859 0.234081 -0.71914 -0.65425 -17.1839
-0.0741433 -0.0836563 -0.993733 3.5108 0.977685 0.190307 -0.0889667 -1.2158 0.196556 -0.978154 0.0676796 -18.4798
0.0728519 -0.425705 -0.901924 1.47101 0.971922 0.233178 -0.0315536 -0.799534 0.223742 -0.874301 0.43074 -19.733
0.189871 -0.682776 -0.705525 -0.753458 0.958983 0.283022 -0.0158141 -0.418453 0.210476 -0.673584 0.708509 -20.9433
0.149463 -0.97438 -0.16806 -3.70627 0.877721 0.209007 -0.431186 -1.9585 0.455265 -0.0830633 0.886473 -21.5626
0.240088 -0.966652 0.0891211 -5.66537 0.96312 0.225706 -0.146482 -0.577089 0.121482 0.121003 0.985191 -22.4364
0.261107 -0.686421 0.678712 -7.14975 0.95235 0.298003 -0.0649906 -0.199367 -0.157647 0.663341 0.731523 -22.3948
0.0859485 0.108223 0.990404 -8.56507 0.919042 0.375206 -0.120755 -0.277748 -0.384674 0.920602 -0.0672133 -21.499
-0.291893 0.931258 0.218074 -10.7436 0.906953 0.341894 -0.246059 -0.58016 -0.303702 0.12596 -0.944404 -19.1354
-0.413996 0.713722 -0.564986 -11.0307 0.910042 0.310369 -0.274762 -0.981264 -0.0207491 -0.627911 -0.778008 -17.7605
-0.202121 0.172108 -0.964119 -10.5103 0.906362 0.405816 -0.117569 -0.27894 0.37102 -0.897604 -0.238016 -16.5954
0.221438 -0.195445 -0.955388 -10.4956 0.804785 0.589902 0.065855 1.22356 0.550714 -0.783465 0.287918 -15.6484
0.648529 -0.240283 -0.72227 -8.7587 0.57821 0.772629 0.262141 3.44841 0.495059 -0.58763 0.640006 -15.3488
0.760941 -0.628204 -0.162261 -9.2038 0.427074 0.673228 -0.603632 0.976265 0.488442 0.390031 0.780577 -12.9897
0.822506 -0.423586 0.37955 -8.20565 0.524596 0.307192 -0.793997 -0.0137934 0.219732 0.852178 0.474879 -11.503
0.577856 -0.0378607 0.81526 -7.02855 0.814589 0.0882766 -0.573281 -0.334925 -0.0502635 0.995376 0.0818521 -9.91064
0.330549 0.0219494 0.943533 -6.68478 0.928156 0.173646 -0.329202 0.296051 -0.171067 0.984563 0.0370261 -9.37718
-0.858673 0.116256 0.499164 -4.77044 0.50273 0.380534 0.776181 2.50124 -0.0997132 0.917431 -0.385199 -5.21698
-0.992832 0.11893 0.011808 -3.98812 0.105754 0.828192 0.550376 0.464794 0.0556769 0.54768 -0.834833 -2.18099
-0.998316 0.0539925 0.0212107 -3.0908 0.0572067 0.855718 0.514271 1.05207 0.00961635 0.514618 -0.857365 -2.92979
-0.937371 -0.0924369 -0.335843 -1.64312 -0.250691 0.848424 0.466186 0.930206 0.241844 0.521183 -0.818462 -1.03775
-0.730077 -0.0575357 -0.680939 0.297388 -0.572099 0.596448 0.562985 2.2877 0.373753 0.800587 -0.468369 1.36796
-0.746784 -0.576507 -0.331591 0.249901 -0.620124 0.78377 0.0339249 -1.00736 0.240333 0.230962 -0.942813 0.512576
-0.698992 -0.357341 -0.61945 0.640882 -0.645302 0.688498 0.330991 0.489492 0.308213 0.631093 -0.711847 1.96024
-0.599367 -0.798543 0.0555729 2.34981 -0.790745 0.601445 0.113959 0.395731 -0.124425 0.0243591 -0.99193 -0.652536
-0.540355 -0.841327 -0.01358 3.15422 -0.832752 0.532396 0.151916 0.501911 -0.120581 0.0933973 -0.9883 -0.376687
-0.267002 -0.934015 -0.237331 2.20142 -0.602627 0.354003 -0.715208 -2.75947 0.752031 -0.0479402 -0.657382 -1.98724
-0.0266802 -0.871471 -0.48972 1.0046 -0.249955 0.480149 -0.840821 -3.54817 0.96789 0.0999746 -0.230639 -3.5236
-0.208014 -0.880591 -0.425781 1.61398 -0.523946 0.467898 -0.711725 -2.63062 0.82596 0.0750372 -0.558712 -4.10308
-0.17565 -0.524638 -0.833008 0.148612 -0.436125 0.800068 -0.41193 -1.77857 0.882577 0.29094 -0.36934 -3.65455
0.214005 -0.144395 -0.966101 -2.18855 -0.420467 0.879087 -0.224529 -2.45607 0.881708 0.454264 0.127416 -3.936
0.0836803 -0.637383 -0.76599 -1.42064 -0.58527 0.590697 -0.555459 -3.00577 0.806509 0.494792 -0.323612 -6.87727
-0.707339 -0.574761 -0.411488 0.349395 -0.506624 0.818163 -0.271922 1.30111 0.492954 0.0161285 -0.869906 -7.85392
-0.828286 -0.380624 -0.411178 0.679462 -0.336288 0.92468 -0.178542 3.53011 0.448166 -0.00960994 -0.893899 -8.51877
-0.819517 -0.179218 -0.54431 0.0363816 -0.225896 0.973958 0.0194269 5.23806 0.526653 0.138878 -0.838659 -9.25341
0.134633 0.33209 -0.93359 -2.38392 -0.652819 0.738522 0.168559 3.20177 0.745454 0.586772 0.316224 -6.43845
0.55538 0.789886 -0.260065 -4.90193 -0.753061 0.610369 0.245659 3.50316 0.352779 0.0594108 0.933819 -3.99376
0.50737 0.750964 -0.422644 -4.48444 -0.851105 0.513479 -0.109361 3.08201 0.134893 0.415201 0.899673 -5.00903
0.554049 0.802635 0.220921 -5.02999 -0.724709 0.595619 -0.346461 2.45138 -0.409667 0.0318528 0.911679 -3.17177
0.309659 0.85896 -0.407798 -4.96021 -0.789619 -0.0066324 -0.613562 0.859173 -0.52973 0.511999 0.676197 -5.80089
0.45143 0.590216 0.669221 -5.65146 -0.493527 0.789984 -0.363808 1.51774 -0.743399 -0.166045 0.64791 -2.65569
0.530348 0.0163457 0.847623 -4.73742 -0.227985 0.965733 0.124024 2.99044 -0.81655 -0.259022 0.515901 -2.36315
0.413595 0.0743621 0.907419 -4.48519 -0.243169 0.969476 0.0313867 2.76501 -0.877387 -0.233637 0.419053 -3.31114
0.309419 -0.40618 0.859813 -3.55087 -0.204229 0.854701 0.47726 3.0604 -0.928736 -0.323271 0.181507 -2.70543
0.585945 -0.677548 0.44452 -4.01636 0.0666395 0.586983 0.806852 5.47043 -0.807606 -0.443148 0.389091 -1.15942
0.557845 -0.563028 0.609761 -4.14923 -0.0881365 0.690357 0.71808 5.67783 -0.825252 -0.45432 0.335489 -1.97872
0.543589 -0.137034 0.82809 -3.8735 -0.496723 0.742755 0.448979 3.79713 -0.676593 -0.655391 0.335685 -1.67383
0.573298 -0.0651145 0.816755 -2.30635 -0.665134 0.545122 0.510331 3.34224 -0.478462 -0.835824 0.269208 -0.798512
0.390967 0.600185 0.697799 -2.19626 -0.89268 0.431943 0.128637 1.47056 -0.224203 -0.673204 0.704648 -0.398673
0.093279 0.889477 0.447359 -1.88604 -0.966123 0.189458 -0.17525 -0.168843 -0.240637 -0.415856 0.877016 -0.551819
-0.398055 0.78956 0.467063 -0.845421 -0.593798 0.166326 -0.787236 -3.37183 -0.699254 -0.590704 0.402632 -3.86178
-0.231963 0.881836 0.410558 -0.274479 -0.91104 -0.0490438 -0.409391 -1.92979 -0.34088 -0.468998 0.814765 -2.08855
-0.253645 0.966691 -0.0342537 -1.25468 -0.950821 -0.255677 -0.174842 -1.90957 -0.177776 -0.0117786 0.984001 -0.89178
-0.314343 0.910348 -0.269174 -1.91332 -0.947775 -0.317072 0.0344752 -1.54721 -0.053963 0.265953 0.962474 -0.0319939
-0.443781 0.888827 -0.114214 -0.52732 -0.895893 -0.437078 0.0796193 -1.33346 0.0208476 0.137657 0.990261 0.106889
-0.524751 0.821262 0.223975 0.810002 -0.849131 -0.486418 -0.20585 -1.75659 -0.0601112 -0.298203 0.952608 -2.35226
-0.499489 0.784261 0.36803 2.37966 -0.837724 -0.545499 0.0254875 -0.815562 0.220749 -0.295577 0.929465 -1.96055
-0.622629 0.771643 -0.129998 0.77226 -0.781721 -0.620844 0.0588624 -0.88207 -0.0352876 0.138271 0.989766 -2.67548
-0.650987 0.726022 0.221603 2.95957 -0.729154 -0.679249 0.0833906 -0.318771 0.211067 -0.107296 0.971565 -3.85344
-0.778119 0.628028 0.0105416 3.19684 -0.570071 -0.699066 -0.431654 -3.31286 -0.263722 -0.341888 0.901978 -3.87674
-0.871948 0.478985 -0.10139 3.52299 -0.465992 -0.875444 -0.128255 -2.38347 -0.150194 -0.0645846 0.986545 -5.58112
-0.902613 0.231971 -0.3626 2.55135 -0.360602 -0.867495 0.342663 -1.1635 -0.235066 0.440047 0.866662 -4.20872
-0.967619 0.126731 -0.218297 3.70076 -0.224045 -0.82956 0.511502 -0.0860974 -0.116267 0.543848 0.831091 -4.84587
-0.969252 -0.088018 -0.22979 3.13615 -0.151673 -0.521654 0.839567 2.01598 -0.193768 0.848605 0.492264 -3.39639
-0.624234 -0.26616 -0.7345 0.25558 -0.497997 -0.588834 0.636611 1.19016 -0.601939 0.763173 0.235023 -3.39223
-0.205864 0.187528 -0.960444 -1.80034 -0.564083 -0.824743 -0.0401252 -1.95643 -0.799644 0.53351 0.275566 -4.24368
-0.212646 -0.292672 -0.932269 -2.05876 -0.407113 -0.840798 0.356817 -0.443106 -0.88828 0.455414 0.0596415 -5.59062
-0.423496 -0.173883 -0.889053 -1.3947 -0.358758 -0.868973 0.340849 -0.681772 -0.831832 0.463303 0.305624 -5.56565
-0.51719 0.260685 -0.815204 -2.42652 -0.423319 -0.905736 -0.0210682 -1.92233 -0.743852 0.334195 0.57879 -4.16165
-0.585725 -0.264164 -0.766253 -2.03293 -0.271227 -0.827008 0.492436 0.101072 -0.763782 0.49626 0.412751 -4.74587
-0.88793 0.330202 -0.320231 -1.52835 -0.361159 -0.931611 0.0407968 -2.23144 -0.28486 0.151879 0.946461 -2.17727
-0.93473 0.312861 -0.168519 -1.4239 -0.333 -0.93672 0.10801 -2.50194 -0.124063 0.157077 0.979763 -1.23558
-0.968174 0.243269 0.0588151 -0.946524 -0.186119 -0.856934 0.480649 -1.28167 0.167328 0.454405 0.874939 0.618871
-0.678436 0.401368 0.615328 1.16743 0.0880455 -0.787112 0.610494 -1.07191 0.729365 0.468358 0.498666 4.32077
-0.826395 0.521772 0.211719 3.11003 0.184329 -0.104605 0.977282 2.12315 0.532066 0.846647 -0.00973273 4.23036
-0.938246 0.272895 -0.212656 0.894919 -0.333298 -0.548152 0.7671 0.936887 0.0927703 0.790606 0.605257 1.34134
-0.866065 -0.11963 -0.485407 0.589259 -0.389687 -0.446682 0.805369 2.40614 -0.313169 0.886659 0.340237 -0.596416
-0.712975 0.0455548 -0.699708 -1.4588 -0.487419 -0.749563 0.44786 1.31777 -0.504073 0.660364 0.556624 -1.29853
-0.920557 0.183363 -0.344896 0.377568 -0.37249 -0.677897 0.633804 1.4112 -0.117588 0.711922 0.692344 0.563256
-0.915712 0.153803 -0.371236 -0.013179 -0.356277 -0.738026 0.573049 1.60415 -0.185845 0.65701 0.730615 0.908256
-0.647037 -0.308034 -0.697465 -1.99305 -0.358716 -0.684212 0.634962 3.26846 -0.672804 0.661036 0.332214 -0.898863
-0.950237 -0.0119105 -0.311301 -0.261503 -0.172141 -0.812782 0.556554 1.2526 -0.259648 0.582446 0.770285 0.304549
-0.630607 -0.614908 -0.473522 -1.49331 -0.179197 -0.47828 0.859731 2.22003 -0.755131 0.627006 0.191417 -3.10541
-0.522599 -0.776656 0.351703 1.2482 0.132964 0.333226 0.933425 4.05632 -0.842147 0.53457 -0.0708762 -4.98451
-0.563453 -0.643286 -0.518367 -1.6918 -0.0522274 -0.598459 0.799449 2.39182 -0.824496 0.477525 0.303606 -3.9556
-0.477308 0.101877 -0.872811 -5.50147 -0.156163 -0.98728 -0.0298389 1.06892 -0.864749 0.122059 0.487146 -2.40042
-0.683727 0.00311555 -0.729732 -5.22398 -0.136392 -0.982915 0.123597 0.848639 -0.716879 0.184036 0.67247 -1.67322
-0.843867 0.0340027 -0.535474 -5.17351 -0.123702 -0.983434 0.132496 -0.0374044 -0.522098 0.178048 0.834094 -0.507761
-0.60633 0.0453427 -0.793919 -6.53957 -0.0831741 -0.996513 0.00660819 -0.985096 -0.790851 0.0700403 0.607987 -1.94317
-0.932659 -0.0156896 -0.360419 -4.99226 -0.0812683 -0.964237 0.252273 -1.70657 -0.351487 0.264575 0.898029 0.481573
-0.798054 -0.268548 -0.539437 -4.12993 -0.0968024 -0.826441 0.554639 -0.785232 -0.59476 0.49485 0.633548 -0.925235
-0.448732 -0.76656 -0.459374 -3.11467 -0.258839 -0.380516 0.887812 2.08521 -0.855361 0.517293 -0.0276658 -3.48963
-0.331528 -0.767441 -0.548748 -3.72994 -0.35951 -0.434993 0.825551 2.77142 -0.872262 0.470974 -0.13169 -4.53204
-0.590831 -0.60961 -0.528483 -4.2164 -0.112344 -0.586494 0.802124 2.1293 -0.798935 0.533292 0.278033 -2.85628
-0.53707 -0.841982 -0.0511999 -2.89248 0.0626074 -0.100317 0.992984 4.24681 -0.841211 0.530097 0.106592 -2.35316
-0.506997 -0.760736 -0.405259 -3.93401 -0.0724406 -0.430896 0.899489 3.8354 -0.858898 0.485395 0.163355 -3.38143
-0.508601 -0.80685 -0.300531 -3.19608 -0.00332586 -0.347204 0.937784 4.14129 -0.860996 0.477957 0.173905 -3.57061
-0.557481 -0.582993 -0.591045 -4.16864 -0.0210413 -0.701789 0.712074 2.59468 -0.829923 0.409404 0.378967 -4.01713
-0.685379 -0.720731 -0.103935 -3.29883 0.225432 -0.345727 0.910853 4.21753 -0.692414 0.600849 0.39943 -2.2566
-0.774513 -0.630274 0.0537031 -2.97566 0.425586 -0.456403 0.781392 3.32864 -0.467981 0.628054 0.621725 -0.694717
-0.592282 -0.804886 0.0368839 -2.68744 0.305497 -0.181973 0.934643 3.82348 -0.745569 0.56484 0.35367 -2.1536
-0.777787 -0.571477 0.26165 -2.98369 0.592132 -0.526636 0.609945 3.17748 -0.210776 0.629339 0.748001 1.49777
-0.60496 -0.136754 0.784425 0.206128 0.789563 0.0244386 0.613183 4.8991 -0.103025 0.990304 0.0931912 3.48555
-0.614735 -0.188948 0.765767 1.00185 0.699534 0.317885 0.640001 4.50986 -0.364352 0.929111 -0.0632394 2.48099
-0.495835 -0.321048 0.806893 0.73687 0.849923 0.0113295 0.526785 3.89422 -0.178265 0.946995 0.267249 4.60236
-0.422597 -0.476884 0.77071 0.219367 0.889251 -0.0539247 0.454229 3.20377 -0.175054 0.877311 0.446858 5.46037
-0.530077 -0.663472 0.528038 -0.612345 0.783877 -0.14595 0.60352 4.36152 -0.323351 0.733828 0.597444 6.53324
-0.48713 -0.524762 0.69809 0.367071 0.842005 -0.494369 0.215932 3.05744 0.231801 0.692982 0.682674 10.3571
-0.36674 -0.634232 0.680626 -0.940876 0.916956 -0.122852 0.379603 3.21348 -0.15714 0.76332 0.626618 9.12241
-0.173369 -0.490063 0.854273 -1.56468 0.924003 0.219242 0.313291 2.79094 -0.340824 0.843666 0.41481 7.94459
-0.00714065 -0.782163 0.623033 -6.0833 0.549626 0.517426 0.655882 3.36642 -0.83538 0.347119 0.426203 4.83373
0.00691537 -0.0140628 0.999877 -3.2371 0.446388 0.894789 0.00949743 4.92172 -0.894813 0.446268 0.0124652 3.9298
0.158789 0.467979 0.869357 -1.11068 0.454639 0.74696 -0.485133 4.87123 -0.876407 0.472278 -0.0941524 3.70403
-0.402056 0.0322548 0.915047 -3.89634 0.0913799 0.995803 0.00504941 7.90875 -0.911044 0.085647 -0.403316 1.55877
0.150228 0.599931 0.785821 -0.399508 0.339046 0.715378 -0.610968 5.91109 -0.928698 0.358214 -0.0959346 3.11562
0.236848 0.0944409 0.966946 -2.62756 0.278896 0.946766 -0.160784 6.29764 -0.930656 0.307759 0.1979 4.28858
-0.189674 0.202163 0.960809 -2.82578 -0.0617898 0.974176 -0.217173 8.6462 -0.979901 -0.10056 -0.172284 2.02779
-0.456683 0.371538 0.808332 -1.60011 -0.184187 0.849442 -0.494494 10.0808 -0.870354 -0.374711 -0.319493 0.205797
-0.324144 0.293266 0.899403 -1.44744 -0.166605 0.918178 -0.359432 10.8887 -0.931222 -0.266352 -0.248762 0.681419
0.177508 0.726878 0.663429 1.86353 -0.00309939 0.674545 -0.738228 9.39414 -0.984114 0.128985 0.12199 2.38536
0.537259 0.626304 0.564886 1.57194 -0.118293 0.719094 -0.68477 8.99876 -0.83508 0.301077 0.460427 4.63426
0.410573 0.856911 0.311662 1.95097 -0.192941 0.415704 -0.888799 8.30622 -0.891181 0.304784 0.336011 4.53292
0.47714 0.87825 -0.0318471 3.10026 -0.280772 0.118 -0.952493 7.24586 -0.832769 0.463414 0.302891 5.55998
-0.276315 0.959755 0.0502055 3.44354 0.219832 0.113972 -0.968857 8.31646 -0.935588 -0.256673 -0.242477 1.1811
0.0419244 0.805391 0.591259 1.33829 -0.187586 0.5876 -0.787107 11.3691 -0.981353 -0.0779127 0.175715 3.52646
-0.205591 0.188661 0.960281 2.31883 -0.317104 0.91546 -0.247746 15.3942 -0.925839 -0.355443 -0.128385 1.81861
-0.0153011 0.880391 0.474002 4.80558 -0.099685 0.470352 -0.876831 12.4619 -0.994901 -0.0606673 0.0805648 3.11862
-0.02194 0.979185 -0.201779 5.50009 -0.0741102 -0.202865 -0.976398 10.3796 -0.997009 -0.00646833 0.0770185 3.23211
-0.122416 0.312662 -0.941943 3.73488 -0.0189999 -0.949646 -0.312749 7.44199 -0.992297 -0.0203886 0.122192 3.23628
-0.11553 -0.107639 -0.987455 3.53478 0.0507475 -0.993453 0.102355 5.66485 -0.992007 -0.0382857 0.120236 3.10697
-0.0525282 0.166803 -0.98459 4.89805 0.245242 -0.953603 -0.174637 5.99694 -0.968038 -0.250637 0.00918383 1.78892
0.122026 -0.142945 -0.982179 4.98037 0.444828 -0.876749 0.182866 3.97961 -0.887264 -0.459215 -0.0433998 0.0701641
-0.0231614 -0.338059 -0.94084 4.68141 0.490877 -0.823683 0.283878 4.16178 -0.870921 -0.455262 0.185023 0.0918788
0.139091 -0.500057 -0.854749 4.63688 0.558866 -0.672914 0.48462 2.79503 -0.81751 -0.545096 0.185869 -1.3621
0.139438 -0.975369 -0.170918 2.21332 0.519626 -0.0748577 0.851108 1.17507 -0.842939 -0.20749 0.496389 -1.51445
0.291013 -0.800209 0.524382 -0.170781 0.437586 0.598743 0.670839 1.26545 -0.850782 0.0342398 0.524403 -2.48783
0.284009 -0.582659 0.761478 -1.09059 0.700332 0.668492 0.250306 1.88009 -0.654884 0.462198 0.597912 -0.538239
0.294198 0.385167 0.874696 -4.04836 0.713366 0.520569 -0.469165 4.20067 -0.636047 0.762006 -0.121615 0.992663
0.746878 0.347551 0.566906 -4.75568 0.630476 -0.0991368 -0.769852 3.95429 -0.211362 0.932406 -0.293166 5.6098
0.613855 0.610043 0.501029 -4.97508 0.686292 -0.0987571 -0.720591 5.08663 -0.390111 0.78619 -0.47929 5.99685
0.302254 0.652676 0.694735 -3.91236 0.599402 0.436566 -0.670915 4.35779 -0.741188 0.619212 -0.259262 3.61719
0.403989 0.690044 0.600527 -4.30884 0.651956 0.243306 -0.718161 4.69799 -0.641675 0.681646 -0.351585 5.74672
0.215132 0.801378 0.558132 -3.09156 0.611397 0.335133 -0.716854 5.49629 -0.76152 0.495459 -0.417862 6.32314
0.17529 0.66454 0.726402 -3.52487 0.695382 0.438732 -0.569173 6.25611 -0.696934 0.604897 -0.385205 7.96645
0.0913468 0.878224 0.469444 -2.97748 0.64416 0.307392 -0.700405 5.37673 -0.759416 0.366377 -0.537638 7.36196
0.552476 0.436276 0.710235 -3.53918 0.547478 0.452577 -0.703876 4.39912 -0.62852 0.777713 0.0111869 11.1494
-0.132062 0.744083 0.654905 -1.99977 0.50991 0.617566 -0.598836 5.74362 -0.85003 0.254859 -0.460972 8.77231
-0.099272 -0.0593195 0.993291 -2.71762 0.306013 0.948025 0.0871999 8.03632 -0.946837 0.312616 -0.0759598 10.2477
-0.0777128 -0.183501 0.979943 -2.09077 0.183574 0.963476 0.194975 9.04724 -0.979929 0.195044 -0.0411884 10.8448
-0.362016 -0.112519 0.925356 -1.27271 -0.192126 0.980381 0.0440467 10.5429 -0.912158 -0.161839 -0.376531 9.01728
0.0349896 -0.764458 0.643723 -1.42772 -0.255799 0.615811 0.745214 14.3587 -0.966097 -0.190738 -0.174001 10.8342
-0.0189961 -0.768474 0.639599 -2.05158 0.393 0.582483 0.711523 14.017 -0.919342 0.264878 0.290945 14.5655
0.102332 -0.814554 0.570991 -1.92799 -0.386344 0.496399 0.777384 17.1276 -0.916661 -0.30015 -0.2639 11.5759
0.120995 -0.751143 0.648956 -1.58588 -0.686043 0.40922 0.601567 18.9445 -0.717429 -0.517999 -0.465803 9.90251
-0.0733126 -0.581607 0.810159 -0.744718 -0.888961 0.406342 0.211267 19.3755 -0.452076 -0.704712 -0.546816 7.66555
-0.183675 -0.609451 0.771254 -0.964978 -0.811405 0.536891 0.231019 19.8066 -0.554874 -0.583367 -0.593125 8.00348
-0.313445 -0.685717 0.65692 -1.40772 -0.748954 0.603808 0.272917 20.2055 -0.583797 -0.406459 -0.702831 8.29403
-0.297557 -0.625789 0.721005 -1.92269 -0.475891 0.751923 0.456224 22.0303 -0.82764 -0.207367 -0.521547 10.106
-0.287628 -0.41438 0.863458 -1.54243 -0.229812 0.905077 0.357801 23.8764 -0.929761 -0.0955196 -0.355555 11.4329
-0.469179 -0.222376 0.854646 -0.203035 -0.294153 0.951864 0.0861894 24.2733 -0.832673 -0.210959 -0.512008 11.0134
-0.671211 -0.522614 0.52569 0.0225878 -0.58573 0.808571 0.0559689 23.123 -0.454308 -0.270345 -0.848833 9.49692
-0.759996 -0.46202 0.457104 1.71883 -0.617001 0.733917 -0.284036 22.8301 -0.204246 -0.497899 -0.84284 8.55686
-0.661833 -0.638082 0.393482 2.22941 -0.745655 0.506212 -0.433298 23.9919 0.0772945 -0.580173 -0.810818 5.92401
-0.77921 -0.582122 0.232308 2.13439 -0.626752 0.721407 -0.294542 24.4121 0.00387124 -0.375109 -0.926972 7.17905
-0.81441 -0.564122 0.136027 1.47233 -0.574541 0.81679 -0.0525108 26.6654 -0.0814831 -0.120918 -0.989312 7.10421
-0.996883 -0.0439362 0.0655264 0.73016 0.00409031 0.800672 0.599089 29.1893 -0.0787868 0.597489 -0.797997 12.4412
-0.978493 0.188023 0.0848477 0.781032 0.172515 0.520389 0.836321 31.636 0.113094 0.832972 -0.541634 15.5883
-0.896562 -0.395202 -0.199978 2.19792 -0.432196 0.87935 0.199873 30.8601 0.0968609 0.265628 -0.959197 12.4222
-0.437432 -0.717784 -0.541701 0.71121 -0.87212 0.48548 0.0609621 30.177 0.219227 0.499095 -0.838358 11.8988
-0.00788044 -0.820739 -0.571249 0.241988 -0.957148 0.171573 -0.233303 29.9906 0.289492 0.544931 -0.786921 10.8989
-0.144812 -0.680867 -0.717948 1.59662 -0.878779 0.421965 -0.222919 32.1603 0.454727 0.598636 -0.659438 11.4442
0.395703 -0.556461 -0.730596 -0.607238 -0.888741 -0.0315558 -0.457322 32.262 0.231428 0.830274 -0.507036 10.1854
0.618926 0.712317 -0.330961 -2.47974 -0.70095 0.310791 -0.641933 32.1106 -0.3544 0.629296 0.691655 14.259
0.654199 0.739009 -0.160902 -2.11982 -0.61085 0.39083 -0.68856 33.5238 -0.445967 0.548742 0.707104 14.6533
0.229749 0.963717 0.135888 -2.09781 -0.332391 0.208924 -0.91971 32.1308 -0.91473 0.166134 0.368331 14.6398
0.102674 0.346135 0.93255 -1.23102 -0.486939 0.834983 -0.256309 34.4818 -0.86738 -0.427779 0.254277 19.1158
-0.107125 0.117692 0.987255 -1.29129 -0.714717 0.681158 -0.158754 35.242 -0.691161 -0.722615 0.0111477 20.6249
0.0815344 -0.242584 0.966698 -3.12598 -0.978771 0.163507 0.123583 35.9522 -0.188041 -0.956252 -0.224103 24.2457
-0.315059 0.00904456 0.949029 -2.77193 -0.942693 -0.11872 -0.311825 35.3476 0.109849 -0.992887 0.0459301 22.813
-0.54871 0.0235336 0.835681 -3.06309 -0.734101 -0.491854 -0.468161 34.6161 0.400016 -0.87036 0.287161 22.4485
-0.448788 -0.0128042 0.893547 -3.13729 -0.714633 -0.59521 -0.367457 35.8468 0.536553 -0.803468 0.257973 23.549
-0.647298 -0.0502882 0.760577 -2.87462 -0.523154 -0.696386 -0.491281 35.8828 0.55436 -0.715904 0.42446 22.2021
-0.586807 0.324006 0.742077 -2.79643 -0.327945 -0.933024 0.14805 35.6261 0.740344 -0.156483 0.653761 24.9525
-0.763468 0.369819 0.529482 -2.28534 -0.198839 -0.914599 0.352097 34.9293 0.614476 0.163533 0.771801 25.0338
-0.910362 0.214891 0.353642 -2.41545 0.00817947 -0.845083 0.534572 34.1835 0.413731 0.489547 0.767574 25.9115
-0.953473 -0.0592255 0.295602 -2.74934 0.1976 -0.863301 0.464398 33.9094 0.22769 0.501202 0.834837 25.7886
-0.636415 0.769498 -0.0533708 0.302888 -0.279901 -0.165908 0.945585 36.8234 0.718771 0.616723 0.32097 27.5673
-0.791087 0.306433 -0.529414 0.631525 -0.560936 -0.0181903 0.82766 35.7303 0.243992 0.951719 0.186279 29.9828
-0.683849 0.467099 -0.560508 2.59337 -0.532663 0.205378 0.82103 37.2632 0.498618 0.860022 0.108359 29.9683
-0.427304 -0.321266 -0.845103 1.77414 -0.891628 -0.00503142 0.452741 37.1824 -0.149703 0.946976 -0.2843 33.5008
-0.0153638 -0.257145 -0.966251 0.987305 -0.809714 -0.56376 0.162906 35.4071 -0.586624 0.784889 -0.199552 34.7436
0.109488 -0.392344 -0.913279 0.533379 -0.678054 -0.701316 0.219996 35.8277 -0.726812 0.595166 -0.342816 35.6917
0.407515 -0.16318 -0.898501 0.764387 -0.548469 -0.830415 -0.0979434 35.0142 -0.730146 0.532713 -0.427906 37.2583
0.521572 0.271784 -0.808762 -0.142426 -0.102906 -0.92095 -0.375849 33.0531 -0.846978 0.279259 -0.452374 38.4203
0.326006 0.0774258 -0.942192 2.47318 -0.590696 -0.761453 -0.266959 34.5322 -0.738104 0.64358 -0.202503 36.5306
0.43988 -0.0169747 -0.897896 4.24799 -0.755232 -0.547988 -0.359629 36.2512 -0.485932 0.836314 -0.253869 37.54
0.535324 -0.241239 -0.809464 3.13943 -0.579094 -0.802476 -0.143816 36.0889 -0.614882 0.545744 -0.569284 36.9769
0.333849 -0.913386 -0.23296 2.04292 -0.919968 -0.369578 0.130656 40.1631 -0.205436 0.170696 -0.963669 36.8153
0.653089 -0.593475 -0.470386 1.29224 -0.67866 -0.734282 -0.0158327 38.3581 -0.335999 0.329572 -0.882319 38.0094
0.425026 -0.568623 -0.704288 2.32889 -0.850883 -0.516404 -0.0965632 40.135 -0.308789 0.640309 -0.703317 39.4477
0.365608 -0.874889 -0.317649 1.02148 -0.930176 -0.355619 -0.0911446 42.5384 -0.033221 0.328793 -0.943818 38.4926
0.232169 -0.97195 0.0375703 -0.662297 -0.961645 -0.235166 -0.141195 44.6462 0.14607 -0.00334815 -0.989269 37.4963
0.80846 -0.539061 -0.236232 1.34414 -0.587822 -0.719588 -0.369672 42.9991 0.0292863 0.437728 -0.89863 37.4414
0.279862 -0.818348 -0.50198 0.541228 -0.960007 -0.242931 -0.139184 46.2981 -0.00804533 0.520857 -0.853606 38.9024
0.342082 -0.646616 -0.681812 -0.348218 -0.931279 -0.330047 -0.154237 46.5219 -0.125298 0.687719 -0.715083 39.7806
0.74095 -0.661956 -0.113168 -1.42984 -0.662133 -0.691966 -0.287684 46.3188 0.112126 0.288092 -0.951016 36.8299
0.609157 -0.562724 -0.558811 -2.73396 -0.788976 -0.501351 -0.355196 47.355 -0.0802831 0.657259 -0.749377 38.6231
0.641141 -0.170952 -0.74814 -3.30222 -0.701108 -0.526906 -0.480435 47.3384 -0.312068 0.832553 -0.457677 40.001
0.727172 -0.415979 -0.546061 -3.62651 -0.648218 -0.677895 -0.346803 48.5784 -0.22591 0.606152 -0.762591 38.6309
0.585256 0.224734 -0.779083 -4.03034 -0.592458 -0.53747 -0.6001 48.7917 -0.553596 0.812786 -0.181412 41.5647
0.689602 0.120448 -0.714102 -4.82484 -0.456058 -0.69375 -0.557425 49.2131 -0.562549 0.710073 -0.42348 40.6839
0.615634 0.208825 -0.75986 -5.89433 -0.531189 -0.602292 -0.595888 50.5099 -0.582094 0.770478 -0.259866 41.6718
0.277658 0.833854 -0.477067 -5.84521 -0.327599 -0.384644 -0.862976 49.3522 -0.903097 0.395899 0.166371 44.1127
0.27487 0.858646 -0.432636 -5.76173 -0.104045 -0.420762 -0.901185 49.9683 -0.955835 0.292723 -0.0263167 43.7013
0.124482 0.933059 -0.337497 -5.02297 0.333685 -0.359699 -0.871362 49.5114 -0.934429 -0.00414894 -0.356124 42.4102
0.22047 0.916116 -0.33485 -6.69998 0.0465806 -0.352794 -0.934541 50.6357 -0.974281 0.190441 -0.120454 43.9045
-0.0626791 0.825969 0.56022 -5.03052 -0.255714 0.529295 -0.808985 51.5118 -0.964719 -0.193962 0.178036 46.8723
-0.512184 0.333017 0.791686 -3.00552 -0.322141 0.77999 -0.536507 52.1685 -0.796174 -0.529825 -0.29222 45.9183
-0.258641 0.229783 0.938246 -2.83127 -0.408728 0.85403 -0.321829 52.8625 -0.875241 -0.466725 -0.126968 48.1618
-0.212449 -0.252739 0.943922 -2.67301 -0.297704 0.936793 0.183826 56.0161 -0.930719 -0.241956 -0.274262 48.9363
0.130307 -0.334057 0.933502 -2.36689 -0.0143705 0.940795 0.338672 57.5279 -0.99137 -0.0575461 0.117791 52.3299
0.120014 -0.0971384 0.988009 -2.3166 0.0306376 0.99509 0.0941131 57.8085 -0.992299 0.0189754 0.1224 53.7603
0.379469 -0.0616848 0.923146 -0.876151 0.00497165 0.997897 0.064636 58.8225 -0.925191 -0.0199378 0.378977 56.118
0.527991 -0.177788 0.830432 -0.168627 0.0853127 0.983999 0.156423 60.6984 -0.844954 -0.0117437 0.53471 58.2744
-0.122544 0.401467 0.907638 1.05605 -0.334823 0.844192 -0.418609 59.0718 -0.934279 -0.355196 0.0309692 55.8295
-0.144028 0.401073 0.904653 2.27104 -0.432772 0.796598 -0.422067 60.2178 -0.889924 -0.452298 0.0588407 56.3636
-0.250066 0.857998 0.448671 3.38716 -0.0900772 0.440768 -0.89309 58.6285 -0.96403 -0.263747 -0.0329351 57.1146
0.358123 0.571683 0.738191 2.81565 -0.050854 0.8014 -0.595963 61.2304 -0.932288 0.175888 0.316072 60.6944
0.101171 0.391487 0.914605 2.22053 0.00315258 0.919191 -0.393798 61.7241 -0.994864 0.0427245 0.0917616 60.5184
0.291088 -0.0946305 0.952005 1.68564 -0.13503 0.981071 0.138807 64.8094 -0.947119 -0.168955 0.2728 61.1606
0.298519 -0.202006 0.932781 1.88863 0.5246 0.85119 0.0164483 65.8512 -0.797296 0.484427 0.360069 65.5307
0.348422 -0.257443 0.901291 2.39958 0.407902 0.907367 0.101492 67.9106 -0.84393 0.332276 0.421158 66.3491
0.223766 -0.312844 0.92307 2.26016 0.172722 0.944823 0.278346 69.0092 -0.959216 0.0971503 0.265454 66.0953
0.142045 -0.266452 0.953324 3.05575 0.37775 0.904794 0.196603 70.1741 -0.914947 0.332191 0.229174 68.3718
-0.127793 -0.0985143 0.986896 4.0052 0.508091 0.848062 0.150448 69.8818 -0.85177 0.52066 -0.0583222 70.0843
-0.259087 -0.256742 0.931106 4.85299 -0.0901664 0.966243 0.241341 71.6045 -0.961636 -0.0214262 -0.27349 67.9815
-0.175616 -0.530669 0.829186 4.18684 0.198657 0.805846 0.557806 73.871 -0.964207 0.262684 -0.0360981 70.3519
-0.320413 -0.63698 0.701136 4.38778 -0.0224312 0.745053 0.666628 74.2047 -0.947012 0.197869 -0.253013 70.2176
-0.391834 -0.771521 0.50122 4.60204 -0.321467 0.625256 0.711136 74.4317 -0.862047 0.117522 -0.493015 69.5662
-0.491495 -0.865224 0.0990982 3.57017 -0.281104 0.265315 0.922274 75.2048 -0.824265 0.425436 -0.373619 70.8568
-0.593371 -0.77536 -0.216166 2.29449 -0.171685 -0.140461 0.975087 76.7447 -0.786406 0.615701 -0.0497718 72.7722
-0.441446 -0.386595 -0.809734 -1.21003 0.0165994 -0.905788 0.423405 78.2265 -0.897134 0.173469 0.406273 73.4325
0.39801 0.0338707 -0.916756 -3.28504 0.681223 -0.68022 0.270621 78.5212 -0.61443 -0.732225 -0.293808 68.6641
0.285324 0.0477623 -0.95724 -3.96232 0.326236 -0.943958 0.0501412 79.0852 -0.901199 -0.326593 -0.284915 71.6446
0.665795 0.0728373 -0.742571 -3.66664 0.502115 -0.779889 0.373702 79.6853 -0.551904 -0.621665 -0.555819 69.2044
0.657149 0.175424 -0.733063 -4.24565 0.304087 -0.951586 0.0448803 79.5179 -0.6897 -0.252408 -0.678678 70.8673
0.721475 0.0711372 -0.688777 -4.61051 0.277864 -0.940851 0.193884 80.8982 -0.634244 -0.331269 -0.698567 70.7497
0.867019 -0.0102772 -0.498169 -4.28607 0.210927 -0.89822 0.38563 82.2554 -0.451429 -0.439426 -0.776606 69.9717
0.945535 0.101863 -0.309174 -3.27434 0.121386 -0.991606 0.0445288 82.0313 -0.302043 -0.0796329 -0.949963 69.936
0.980836 -0.0625912 -0.184505 -2.97016 -0.0418469 -0.992569 0.114257 83.3245 -0.190286 -0.104347 -0.976168 70.2797
0.946627 0.152439 -0.284007 -2.63331 -0.0140313 -0.86078 -0.508784 82.0487 -0.322026 0.485614 -0.812698 71.0061
0.937999 0.307651 -0.159715 -2.34663 0.126954 -0.733638 -0.667577 81.9932 -0.322553 0.60591 -0.727209 70.7259
0.954704 0.277066 -0.108514 -3.1274 0.203681 -0.874352 -0.44048 83.1448 -0.216921 0.398426 -0.89118 69.7369
0.920434 0.389467 -0.0334066 -2.83586 0.244432 -0.640143 -0.728334 82.5126 -0.305047 0.662218 -0.684408 70.2738
0.965411 0.197396 -0.170342 -4.65306 0.0737193 -0.833315 -0.547861 82.9094 -0.250094 0.516354 -0.819043 69.5887
0.851513 0.419683 0.314312 -3.1579 0.513759 -0.548036 -0.660082 84.0228 -0.104771 0.723549 -0.682276 69.543
0.772053 -0.0304616 0.634828 -2.1327 0.635107 0.0746072 -0.768812 84.682 -0.0239435 0.996748 0.0769471 72.4967
0.895369 0.190163 0.402681 -1.7415 0.349424 0.260573 -0.900003 82.6459 -0.276075 0.946541 0.166861 72.4067
0.859241 0.125847 0.49585 -0.77518 0.247507 0.746007 -0.618234 82.3155 -0.447711 0.653938 0.609852 74.2353
0.735825 0.0159447 0.676984 -0.259787 0.236605 0.930659 -0.279089 83.1525 -0.634492 0.365539 0.68103 75.1697
0.70935 -0.452394 0.54052 -1.33875 0.403695 0.889373 0.214583 83.8341 -0.577801 0.0659907 0.813506 77.4009
0.744654 -0.385423 0.544922 -0.613455 0.142415 0.889372 0.434436 84.6564 -0.65208 -0.245899 0.717164 78.1314
0.637179 0.0883526 0.765635 0.942428 -0.206261 0.97672 0.058944 84.7121 -0.742603 -0.195479 0.640569 76.8564
0.533811 0.290667 0.794077 1.96317 -0.380306 0.921257 -0.0815632 84.9201 -0.755257 -0.258453 0.602319 76.6471
0.678315 -0.23421 0.696444 0.704249 -0.311789 0.766525 0.561451 86.8459 -0.665339 -0.597984 0.446921 78.3842
0.665625 -0.176599 0.72509 0.105678 -0.179831 0.905013 0.385503 86.4281 -0.724295 -0.386995 0.570642 78.6446
0.990649 -0.0471606 0.128024 0.0816457 -0.0182391 0.884157 0.466833 87.9169 -0.13521 -0.464803 0.875029 82.758
0.991221 0.0502046 0.122314 0.447734 -0.0825224 0.957708 0.275656 88.4387 -0.103302 -0.283329 0.953443 83.5858
0.727562 0.649394 0.221228 3.88456 -0.657273 0.752219 -0.0464636 90.2882 -0.196585 -0.111602 0.974115 83.2933
0.738309 0.642111 0.206381 3.24037 -0.674457 0.704151 0.221988 92.2388 -0.00278221 -0.303091 0.952958 83.7903
0.982695 0.153701 -0.10338 1.06064 -0.151864 0.988074 0.025457 92.0045 0.10606 -0.00931676 0.994316 86.1863
0.990088 0.0999501 0.0986739 1.46651 -0.0713032 0.962978 -0.259981 91.8836 -0.121006 0.250368 0.960559 87.0051
0.970576 0.188424 0.149932 2.45073 -0.0663227 0.807748 -0.585785 92.7325 -0.231483 0.558605 0.796477 88.5051
0.952007 0.158806 0.261654 2.70632 0.112911 0.612356 -0.782477 92.8084 -0.284487 0.774468 0.565037 90.0979
0.990754 0.0197009 0.134233 1.69279 0.10638 0.501247 -0.85874 94.0273 -0.0842017 0.86508 0.494517 91.7605
0.913707 0.392772 0.104257 2.47942 -0.219373 0.692699 -0.687054 96.7426 -0.342074 0.604895 0.719088 91.1583
0.934959 0.342676 0.0917875 1.9392 -0.171196 0.662438 -0.729293 97.7483 -0.310714 0.666146 0.678017 92.0602
0.953812 0.286416 -0.0905973 -0.307532 -0.295682 0.841857 -0.451496 99.6091 -0.0530456 0.45743 0.887662 91.1381
0.985391 0.11672 0.124022 -0.16823 0.0503435 0.496048 -0.866835 98.9857 -0.162698 0.860414 0.482925 93.846
0.856344 0.366081 0.364225 1.30886 0.028834 0.670311 -0.74152 100.753 -0.5156 0.645498 0.563461 94.667
0.851687 0.428023 0.302368 0.802343 0.0868684 0.45369 -0.886915 101 -0.516801 0.78164 0.34922 95.2759
0.849013 0.471946 0.23758 0.0736278 -0.00318364 0.454207 -0.890891 102.262 -0.528363 0.755621 0.38713 95.0412
0.95324 0.221801 0.205275 -1.61586 0.0431561 0.572372 -0.818858 103.872 -0.299117 0.789427 0.536036 96.5357
0.706928 0.606236 0.364322 0.138741 0.164977 0.359555 -0.918424 103.686 -0.687775 0.709365 0.154165 96.8342
0.436489 0.811417 0.388689 1.24711 0.17952 0.344783 -0.921356 104.484 -0.881618 0.47194 0.00482894 96.3655
0.640077 0.651273 0.40761 -0.0894161 0.191877 0.378215 -0.905614 105.565 -0.743966 0.657873 0.117122 97.6978
0.51093 0.695773 0.504826 0.441654 0.220397 0.461608 -0.859269 106.524 -0.830888 0.550289 0.0825034 98.2829
0.871438 0.320744 0.371105 -1.43479 0.439823 -0.176026 -0.880665 103.776 -0.217144 0.930665 -0.294466 102.54
0.834064 0.297806 0.464379 -1.23527 0.40759 0.2346 -0.882515 105.509 -0.371762 0.925351 0.0742882 103.784
0.803126 0.247493 0.541974 -1.04106 0.449069 0.346374 -0.823627 105.912 -0.391568 0.90486 0.16704 105.485
0.837469 0.0755209 0.541242 -1.69624 0.489568 0.336416 -0.804455 105.982 -0.242835 0.93868 0.244765 107.621
0.581355 0.577091 0.573579 -1.03294 0.664192 0.0705929 -0.744221 105.234 -0.469974 0.813623 -0.34226 106.245
0.168675 0.9468 0.274076 0.0644728 0.858279 -0.00435628 -0.513165 104.605 -0.484671 0.321792 -0.813354 104.025
0.260931 0.956946 0.127158 0.27752 0.882892 -0.183291 -0.432326 103.167 -0.390406 0.225074 -0.892707 104.59
0.0873075 0.73777 0.669382 0.260743 0.772212 0.374381 -0.513349 106.236 -0.629338 0.561724 -0.537028 105.756
-0.395049 0.781205 0.483379 1.59801 0.659206 0.607536 -0.443112 107.588 -0.639831 0.143595 -0.754981 103.846
-0.669639 0.146313 0.728132 3.66815 0.235067 0.971754 0.0209164 110.837 -0.704505 0.185167 -0.685118 104.226
-0.525408 0.196774 0.827784 2.97207 0.448209 0.890968 0.0726925 111.34 -0.723225 0.409214 -0.556318 105.397
-0.56839 -0.175331 0.803861 4.73431 0.147969 0.939316 0.3095 113.58 -0.809344 0.294864 -0.507954 105.554
-0.729835 -0.0521674 0.68163 6.34616 -0.0817296 0.996591 -0.0112371 114.406 -0.67872 -0.0639106 -0.731611 103.729
-0.660295 -0.134984 0.738776 5.23088 0.108355 0.956299 0.271573 115.3 -0.743149 0.259369 -0.616813 105.153
-0.425883 -0.740568 0.519791 4.59416 0.150678 0.50842 0.847824 118.574 -0.892144 0.439395 -0.10494 107.993
-0.379481 -0.907475 0.18023 4.48671 0.479535 -0.0263255 0.877128 120.962 -0.791227 0.41928 0.445157 111.351
-0.45643 -0.889728 -0.00742929 4.94377 0.730784 -0.379629 0.567306 123.441 -0.507569 0.253507 0.823473 114.822
-0.513028 -0.849156 -0.125447 4.15987 0.437304 -0.384317 0.81306 122.918 -0.738626 0.362264 0.568504 114.742
-0.536918 -0.842949 0.0340155 5.07595 -0.251902 0.198669 0.947141 121.598 -0.805149 0.499968 -0.31901 111.247
-0.838825 -0.540493 0.0651227 5.21642 0.132361 -0.0864472 0.987425 121.578 -0.528066 0.836896 0.144054 114.929
-0.721045 -0.6345 -0.278395 4.10743 0.0882446 -0.48261 0.871378 122.147 -0.687246 0.603736 0.403975 115.924
-0.584759 -0.435924 -0.684125 2.10067 0.232695 -0.89804 0.373334 122.205 -0.777117 0.0591178 0.626574 117.432
-0.667065 -0.393623 -0.632523 1.78882 0.268173 -0.918979 0.289069 123.258 -0.695059 0.0232022 0.718578 119.363
-0.355451 -0.51651 -0.77902 2.01604 0.23336 -0.856094 0.461135 123.728 -0.905096 -0.0178815 0.424832 118.109
-0.361061 -0.52996 -0.767318 2.08584 0.199921 -0.847682 0.491392 124.471 -0.91086 0.0240194 0.412015 119.001
-0.374741 -0.490296 -0.786879 0.694571 0.422505 -0.845785 0.325786 125.11 -0.825263 -0.210375 0.524103 120.372
-0.72438 -0.114888 -0.67976 -0.706474 0.412332 -0.862414 -0.293639 123.743 -0.552499 -0.492993 0.672088 123.493
-0.451158 -0.335776 -0.826868 -3.38636 0.867005 -0.38455 -0.316898 123.856 -0.211565 -0.85987 0.464612 122.027
-0.183808 -0.244087 -0.952174 -2.81581 0.911104 -0.405869 -0.0718368 124.135 -0.368923 -0.880734 0.296991 121.094
-0.0865257 0.268514 -0.959382 -2.70816 0.956633 -0.246472 -0.155261 122.704 -0.27815 -0.93121 -0.235543 119.798
-0.0923332 -0.496853 -0.862909 -5.29817 0.981183 -0.192984 0.00612935 124.486 -0.169573 -0.846105 0.505322 120.929
0.451297 -0.647803 -0.613745 -5.95485 0.805431 -0.000418122 0.592689 127.484 -0.384202 -0.761808 0.521572 119.444
0.446238 0.0105055 -0.894853 -5.07623 0.841125 -0.346366 0.415379 126.089 -0.305583 -0.938041 -0.163398 117.454
0.763848 -0.00618747 -0.645366 -6.33808 0.642044 -0.0944956 0.760822 128.336 -0.0656919 -0.995506 -0.0682077 115.991
0.848619 -0.0877157 -0.521681 -7.09249 0.523082 -0.00800671 0.852245 129.487 -0.0789322 -0.996113 0.0390879 115.462
0.845428 -0.507296 -0.16704 -7.03896 0.285106 0.164197 0.944327 131.518 -0.451625 -0.845985 0.28345 117.232
0.65459 -0.372293 -0.657959 -4.84513 0.468346 -0.483488 0.739521 129.524 -0.593433 -0.792236 -0.142124 116.941
0.29298 -0.787107 -0.542794 -4.6269 0.245257 -0.486842 0.838352 128.755 -0.924128 -0.378744 0.0504082 119.616
0.151295 -0.966525 -0.207217 -5.18856 -0.033102 -0.214466 0.97617 129.647 -0.987934 -0.14083 -0.0644415 121.666
0.309525 -0.943192 0.120764 -5.15441 -0.421497 -0.0222486 0.906557 132.1 -0.85237 -0.331503 -0.404439 122.773
0.377759 -0.90716 0.185362 -6.91442 -0.451901 -0.00590594 0.892049 132.818 -0.808136 -0.420744 -0.412177 121.699
-0.0577281 -0.847574 0.527527 -8.08282 -0.40862 0.502179 0.762132 133.697 -0.910877 -0.171562 -0.375326 124.798
0.505474 -0.856509 0.104346 -7.76678 -0.499798 -0.192067 0.844578 133.263 -0.703348 -0.479065 -0.525166 121.262
0.285346 -0.932865 0.219863 -8.04789 -0.491841 0.0543632 0.868986 133.292 -0.8226 -0.356099 -0.44331 122.979
0.273034 -0.763972 0.584636 -7.44373 -0.543004 0.379269 0.749201 134.447 -0.794103 -0.522017 -0.311287 123.863
0.365706 -0.594791 0.715879 -6.61415 -0.584818 0.451507 0.673891 134.641 -0.724048 -0.665105 -0.182726 123.882
0.215507 -0.154071 0.964271 -6.76952 -0.333248 0.916589 0.22093 136.919 -0.91788 -0.368953 0.146188 125.625
0.281172 -0.0800236 0.956315 -7.68753 0.0171026 0.996777 0.078381 138.1 -0.959505 -0.00568308 0.281634 127.325
0.269234 -0.265901 0.92564 -8.83315 -0.289238 0.894436 0.341066 138.623 -0.918616 -0.359556 0.163904 125.741
0.247835 0.706603 0.66279 -6.32164 -0.067864 0.695115 -0.715688 141.037 -0.966422 0.132393 0.220227 126.735
0.800365 0.553774 -0.229674 -4.39967 -0.063531 -0.302599 -0.950998 143.543 -0.596137 0.775737 -0.207008 130.149
0.52554 0.846386 -0.0862457 -3.21464 0.35043 -0.307729 -0.884591 145.065 -0.775246 0.434665 -0.458323 128.12
0.428405 0.800621 -0.418896 -3.39662 0.0123304 -0.46873 -0.883256 143.705 -0.903503 0.373226 -0.210678 129.369
0.502065 0.0785264 -0.861258 -3.09187 -0.631722 -0.646837 -0.427235 144.341 -0.590642 0.758575 -0.275147 133.171
0.751425 -0.00297333 -0.659812 -1.44561 -0.389074 -0.809634 -0.439447 145.939 -0.5329 0.586927 -0.609536 132.657
0.775739 -0.0871023 -0.625014 -1.08224 -0.411564 -0.820635 -0.396451 147.268 -0.478376 0.564776 -0.672447 133.154
0.392835 -0.609968 -0.6882 -1.01041 -0.917126 -0.314815 -0.244482 149.625 -0.0675296 0.727208 -0.683088 137.234
0.0685141 -0.748368 -0.659736 -1.79605 -0.997573 -0.0431642 -0.0546356 150.372 0.0124105 0.661878 -0.749509 139.732
0.412816 -0.739251 -0.532064 -0.608116 -0.898426 -0.234478 -0.371284 150.604 0.149715 0.631291 -0.760958 139.755
0.572157 -0.697013 -0.432214 -0.453748 -0.799841 -0.357686 -0.481991 150.852 0.181357 0.621477 -0.762152 140.027
0.737436 -0.669287 -0.0907921 -1.10151 -0.657919 -0.681412 -0.320656 151.769 0.152744 0.296197 -0.942834 138.351
0.825775 -0.554072 0.105359 -1.44935 -0.512265 -0.81498 -0.270909 152.141 0.235969 0.169738 -0.956822 137.555
0.810615 -0.534112 0.240057 -2.77419 -0.534255 -0.8424 -0.0702347 152.65 0.239737 -0.0713184 -0.968215 136.996
0.974303 -0.0981432 0.202736 -0.883077 0.0649743 -0.739359 -0.67017 152.582 0.215667 0.666121 -0.713982 137.115
0.946271 0.162548 -0.279554 -1.12785 -0.295198 0.0812655 -0.951974 154.051 -0.132023 0.983348 0.124883 140.438
