-1.23482e-06 1 1.04883e-06 0.900004 1 1.23482e-06 -1.1108e-06 -1.35543e-07 -1.11081e-06 1.04882e-06 -1 -1.77521e-06
-2.33124e-06 1 1.88945e-06 1.9 1 2.33124e-06 -2.3096e-06 7.37746e-06 -2.30961e-06 1.88944e-06 -1 1.06762e-07
-3.50589e-06 1 3.07536e-06 2.89999 1 3.5059e-06 -3.45171e-06 2.65702e-05 -3.45172e-06 3.07535e-06 -1 -3.81562e-05
-4.48849e-06 1 4.04051e-06 3.89999 1 4.48851e-06 -4.33881e-06 3.50606e-05 -4.33883e-06 4.04049e-06 -1 -7.61712e-05
-5.26486e-06 1 5.39826e-06 4.89998 1 5.26489e-06 -5.43647e-06 7.28264e-05 -5.4365e-06 5.39823e-06 -1 -0.000108601
-6.39277e-06 1 6.48349e-06 5.89997 1 6.39281e-06 -6.68234e-06 0.000120143 -6.68239e-06 6.48345e-06 -1 -0.000174481
-7.68772e-06 1 7.20983e-06 6.89998 1 7.68778e-06 -8.32774e-06 0.000181397 -8.3278e-06 7.20977e-06 -1 -0.000262913
-8.65823e-06 1 8.16315e-06 7.89998 1 8.65831e-06 -9.21704e-06 0.000231371 -9.21711e-06 8.16307e-06 -1 -0.00034826
-9.76975e-06 1 9.17471e-06 8.89997 1 9.76984e-06 -1.02438e-05 0.000295352 -1.02439e-05 9.17461e-06 -1 -0.000437023
-1.05256e-05 1 9.66295e-06 9.89997 1 1.05257e-05 -1.12065e-05 0.000361963 -1.12066e-05 9.66283e-06 -1 -0.000557276
-1.14759e-05 1 1.07783e-05 10.9 1 1.14761e-05 -1.27903e-05 0.000466339 -1.27904e-05 1.07782e-05 -1 -0.000650087
-1.23196e-05 1 1.19404e-05 11.9 1 1.23198e-05 -1.44797e-05 0.0005722 -1.44798e-05 1.19402e-05 -1 -0.000770892
-1.34171e-05 1 1.07627e-05 12.9 1 1.34172e-05 -1.67379e-05 0.000698453 -1.67381e-05 1.07625e-05 -1 -0.000953399
-1.43029e-05 1 1.2335e-05 13.9 1 1.43031e-05 -1.73378e-05 0.000805497 -1.7338e-05 1.23347e-05 -1 -0.001132
-1.50641e-05 1 1.37766e-05 14.8999 1 1.50644e-05 -1.88753e-05 0.000932993 -1.88755e-05 1.37763e-05 -1 -0.00131284
-1.62774e-05 1 1.50187e-05 15.8999 1 1.62776e-05 -1.72607e-05 0.00100556 -1.72609e-05 1.50184e-05 -1 -0.00153651
-1.76028e-05 1 1.47419e-05 16.8999 1 1.76031e-05 -1.80446e-05 0.00113926 -1.80449e-05 1.47416e-05 -1 -0.00174987
-1.86084e-05 1 1.47042e-05 17.8999 1 1.86087e-05 -1.86852e-05 0.00127232 -1.86855e-05 1.47039e-05 -1 -0.00194279
-1.96787e-05 1 1.6329e-05 18.8998 1 1.96791e-05 -2.48594e-05 0.00153484 -2.48597e-05 1.63285e-05 -1 -0.00206591
-2.0656e-05 1 1.5186e-05 19.8999 1 2.06564e-05 -3.09021e-05 0.00182003 -3.09024e-05 1.51853e-05 -1 -0.00232741
-2.18571e-05 1 2.0969e-05 20.8997 1 2.18579e-05 -3.68843e-05 0.00211866 -3.68848e-05 2.09682e-05 -1 -0.0025822
-2.26116e-05 1 2.46285e-05 21.8996 1 2.26122e-05 -2.63046e-05 0.00205452 -2.63051e-05 2.46279e-05 -1 -0.00268578
-2.35147e-05 1 3.26475e-05 22.8994 1 2.35157e-05 -2.96811e-05 0.00230946 -2.96819e-05 3.26468e-05 -1 -0.00309176
-2.41571e-05 1 3.96985e-05 23.8992 1 2.41579e-05 -2.12881e-05 0.00229612 -2.12891e-05 3.9698e-05 -1 -0.00335759
-2.5055e-05 1 4.77606e-05 24.8989 1 2.50561e-05 -2.1518e-05 0.00247585 -2.15192e-05 4.77601e-05 -1 -0.0035807
-2.62425e-05 1 3.56304e-05 25.8992 1 2.62432e-05 -1.91931e-05 0.00259213 -1.9194e-05 3.56299e-05 -1 -0.00373631
-2.73951e-05 1 4.06265e-05 26.899 1 2.73953e-05 -5.36453e-06 0.00241451 -5.36564e-06 4.06263e-05 -1 -0.00411717
-2.82589e-05 1 2.97436e-05 27.8992 1 2.8259e-05 -3.17725e-06 0.00251034 -3.17809e-06 2.97435e-05 -1 -0.00437501
-2.94223e-05 1 3.71135e-05 28.899 1 2.94226e-05 -8.87689e-06 0.00282424 -8.87798e-06 3.71133e-05 -1 -0.00461672
-3.05369e-05 1 2.76354e-05 29.8992 1 3.0537e-05 -7.80571e-07 0.00276801 -7.81415e-07 2.76354e-05 -1 -0.00477718
-3.13687e-05 1 4.73025e-05 30.8986 1 3.13687e-05 5.69914e-07 0.00289529 5.68431e-07 4.73025e-05 -1 -0.0051815
-3.2414e-05 1 5.35214e-05 31.8983 1 3.24125e-05 2.85636e-05 0.00224174 2.85618e-05 5.35223e-05 -1 -0.00544982
-3.37258e-05 1 9.03284e-05 32.8971 1 3.37227e-05 3.42592e-05 0.00217385 3.42561e-05 9.03296e-05 -1 -0.00572027
-3.46647e-05 1 9.88487e-05 33.8967 1 3.46577e-05 7.06335e-05 0.00113381 7.063e-05 9.88511e-05 -1 -0.00611412
-3.5507e-05 1 0.000102647 34.8963 1 3.54989e-05 7.88637e-05 0.000884865 7.88601e-05 0.000102649 -1 -0.00629625
-3.64783e-05 1 0.000125787 35.8953 1 3.6463e-05 0.000122048 -0.000537278 0.000122043 0.000125791 -1 -0.00661852
-3.71812e-05 1 0.000160915 36.8938 1 3.71624e-05 0.000116852 -0.000460533 0.000116846 0.000160919 -1 -0.0070368
-3.81129e-05 1 0.000156775 37.8936 1 3.80922e-05 0.00013172 -0.00108737 0.000131714 0.00015678 -1 -0.00757896
-3.91003e-05 1 0.000171635 38.8927 1 3.90819e-05 0.000107098 -0.000328764 0.000107091 0.000171639 -1 -0.00795184
-4.02331e-05 1 0.00018027 39.8919 1 4.02089e-05 0.000134133 -0.0014361 0.000134125 0.000180276 -1 -0.00856266
-4.11276e-05 1 0.000191023 40.891 1 4.11046e-05 0.000120283 -0.00107332 0.000120275 0.000191028 -1 -0.00943803
-4.21322e-05 1 0.000163394 41.8917 1 4.212e-05 7.49665e-05 0.000606104 7.49596e-05 0.000163397 -1 -0.00977051
-4.30668e-05 1 0.000133568 42.8924 1 4.30626e-05 3.16962e-05 0.00235555 3.16905e-05 0.000133569 -1 -0.0106322
-4.40608e-05 1 0.000158044 43.891 1 4.40313e-05 0.000186556 -0.0042045 0.000186549 0.000158052 -1 -0.0108748
-4.50232e-05 1 0.000282414 44.8851 1 4.49746e-05 0.000172102 -0.00389572 0.000172089 0.000282421 -1 -0.0111668
-4.6084e-05 1 0.000323688 45.8824 1 4.60487e-05 0.00010909 -0.00132608 0.000109075 0.000323693 -1 -0.0119328
-4.69916e-05 1 0.000190229 46.8877 1 4.69885e-05 1.62173e-05 0.00289222 1.62084e-05 0.00019023 -1 -0.0121839
-4.79378e-05 1 0.000266523 47.8834 1 4.7924e-05 5.19796e-05 0.00123475 5.19668e-05 0.000266525 -1 -0.0125625
-4.85383e-05 1 0.000241455 48.8838 1 4.8549e-05 -4.43968e-05 0.00603114 -4.44085e-05 0.000241453 -1 -0.0133225
-4.94351e-05 1 0.000104697 49.8901 1 4.94314e-05 3.44901e-05 0.00220034 3.44849e-05 0.000104698 -1 -0.013974
-5.04055e-05 1 0.00013168 50.8883 1 5.03876e-05 0.000135729 -0.00314248 0.000135722 0.000131687 -1 -0.0147978
-5.12722e-05 1 1.05492e-05 51.8944 1 5.12708e-05 0.000129034 -0.00302749 0.000129034 1.05559e-05 -1 -0.0158382
-5.19099e-05 1 -5.04498e-07 52.8949 1 5.19099e-05 0.000161658 -0.00511572 0.000161658 -4.96106e-07 -1 -0.016145
-5.28297e-05 1 0.000120947 53.8877 1 5.27986e-05 0.000257495 -0.0110335 0.000257489 0.00012096 -1 -0.0168339
-5.37874e-05 1 4.94768e-05 54.8915 1 5.3775e-05 0.000250931 -0.011277 0.000250928 4.94903e-05 -1 -0.0172581
-5.48874e-05 1 4.94309e-05 55.8912 1 5.48699e-05 0.000353729 -0.0182809 0.000353727 4.94503e-05 -1 -0.0182377
-5.60146e-05 1 0.000169296 56.8834 1 5.59291e-05 0.000504746 -0.0288718 0.000504736 0.000169324 -1 -0.0195739
-5.69756e-05 1 7.34306e-05 57.889 1 5.69312e-05 0.000603752 -0.0368228 0.000603748 7.3465e-05 -1 -0.0198028
-5.78841e-05 1 0.00016387 58.8825 1 5.77698e-05 0.000697434 -0.0449541 0.000697425 0.00016391 -1 -0.0209764
-5.88693e-05 1 0.000101867 59.8861 1 5.88042e-05 0.000639018 -0.0431172 0.000639012 0.000101905 -1 -0.0213622
-5.98456e-05 1 7.74235e-05 60.8874 1 5.97926e-05 0.000684656 -0.0484525 0.000684651 7.74644e-05 -1 -0.021303
-6.08042e-05 1 -0.000131751 61.9023 1 6.09044e-05 0.000760844 -0.0562981 0.000760852 -0.000131704 -1 -0.0219726
-6.16851e-05 1 -0.000172599 62.9057 1 6.1798e-05 0.000654009 -0.0508866 0.00065402 -0.000172558 -1 -0.0220413
-6.2708e-05 1 -0.000128517 63.9027 1 6.27682e-05 0.00046878 -0.0389412 0.000468788 -0.000128488 -1 -0.0225554
-6.37464e-05 1 -0.000356778 64.9211 1 6.4024e-05 0.000778021 -0.0651325 0.000778044 -0.000356728 -1 -0.0226058
-6.48001e-05 1 -0.000568798 65.9395 1 6.51174e-05 0.000557841 -0.0501046 0.000557877 -0.000568762 -1 -0.0244021
-6.59923e-05 1 -0.000270372 66.9165 1 6.61107e-05 0.000437908 -0.0423032 0.000437926 -0.000270343 -1 -0.0252604
-6.70486e-05 1 -0.000246329 67.9154 1 6.71157e-05 0.000272211 -0.0299422 0.000272227 -0.000246311 -1 -0.0257206
-6.81951e-05 1 0.000494553 68.8513 1 6.79947e-05 0.000405171 -0.0428184 0.000405137 0.000494581 -1 -0.0261894
-6.89588e-05 1 6.70634e-05 69.8879 1 6.89661e-05 -0.000108516 0.00160668 -0.00010852 6.70559e-05 -1 -0.028173
-6.98059e-05 1 -0.000170595 70.9095 1 6.98068e-05 5.28779e-06 -0.00877803 5.2997e-06 -0.000170594 -1 -0.0284509
-7.07854e-05 1 -0.000342677 71.9264 1 7.09905e-05 0.000598425 -0.0651265 0.00059845 -0.000342635 -1 -0.029843
-7.17897e-05 1 -0.000150654 72.9091 0.999999 7.19657e-05 0.00116874 -0.122856 0.00116875 -0.00015057 -0.999999 -0.0313755
-7.29741e-05 1 -0.000157378 73.9103 0.999999 7.31706e-05 0.00124854 -0.135556 0.00124855 -0.000157287 -0.999999 -0.0326535
-7.41551e-05 1 -6.5805e-05 74.9017 1 7.4181e-05 0.000394551 -0.0540637 0.000394555 -6.57758e-05 -1 -0.0334666
-7.50599e-05 0.999999 -0.00101782 76.0009 1 7.5583e-05 0.000513904 -0.0684992 0.000513981 -0.00101779 -0.999999 -0.0361511
-7.55536e-05 0.999999 -0.00144052 77.05 1 7.69104e-05 0.000941873 -0.116533 0.000941983 -0.00144045 -0.999999 -0.0381937
-7.65156e-05 0.999999 -0.00161173 78.0745 0.999999 7.81517e-05 0.00101509 -0.128785 0.00101521 -0.00161165 -0.999998 -0.0386645
-7.68184e-05 0.999998 -0.00186021 79.109 0.999998 8.0088e-05 0.00175762 -0.216197 0.00175776 -0.00186007 -0.999997 -0.0413348
-7.84989e-05 0.999999 -0.00170561 80.0993 0.999999 8.03381e-05 0.00107831 -0.14658 0.00107844 -0.00170552 -0.999998 -0.0415749
-7.9658e-05 0.999998 -0.00217873 81.1619 1 8.14529e-05 0.000823743 -0.122049 0.000823918 -0.00217866 -0.999997 -0.0421877
-8.01452e-05 0.999997 -0.00260266 82.222 0.999999 8.31716e-05 0.00116273 -0.166642 0.00116295 -0.00260256 -0.999996 -0.0449988
-8.04744e-05 0.999998 -0.00185452 83.1424 0.999997 8.49353e-05 0.00240549 -0.32379 0.00240564 -0.00185432 -0.999995 -0.0464972
-8.07567e-05 0.999998 -0.00201043 84.1705 0.999995 8.69073e-05 0.00305947 -0.416342 0.00305964 -0.00201017 -0.999993 -0.0468632
-8.00173e-05 0.999996 -0.00296773 85.3018 0.999995 8.90939e-05 0.00305841 -0.430436 0.00305866 -0.00296747 -0.999991 -0.0474321
-8.19301e-05 0.999993 -0.00364749 86.4041 0.999998 8.98107e-05 0.00216044 -0.328213 0.00216075 -0.0036473 -0.999991 -0.0490524
-8.31314e-05 0.999991 -0.00433159 87.5121 0.999998 9.08172e-05 0.0017742 -0.287755 0.00177458 -0.00433144 -0.999989 -0.0490959
-8.51393e-05 0.999988 -0.00489867 88.6096 0.999999 9.0458e-05 0.00108554 -0.203747 0.00108597 -0.00489858 -0.999987 -0.0496957
-8.91806e-05 0.99999 -0.00456739 89.5873 1 8.85306e-05 -0.00014251 -0.0401942 -0.000142105 -0.0045674 -0.99999 -0.0504792
-9.31138e-05 0.999991 -0.00418633 90.5561 0.999999 8.61264e-05 -0.00166925 0.174545 -0.00166887 -0.00418648 -0.99999 -0.0512715
-9.32185e-05 0.999992 -0.00397615 91.5471 0.999999 8.80188e-05 -0.00130787 0.128639 -0.00130751 -0.00397627 -0.999991 -0.0523415
-9.42014e-05 0.999996 -0.00288262 92.407 0.999999 8.92959e-05 -0.00170183 0.191165 -0.00170157 -0.00288277 -0.999994 -0.0544085
-9.41099e-05 0.999998 -0.00219784 93.3203 0.999999 9.06999e-05 -0.00155154 0.175183 -0.00155133 -0.00219798 -0.999996 -0.0562206
-9.59599e-05 0.999997 -0.00264299 94.4014 0.999998 9.13005e-05 -0.00176297 0.21359 -0.00176273 -0.00264315 -0.999995 -0.0604031
-9.67632e-05 0.999997 -0.00259347 95.4091 0.999999 9.24316e-05 -0.00167025 0.206357 -0.00167001 -0.00259363 -0.999995 -0.0627378
-9.6933e-05 0.999998 -0.00185276 96.3067 0.999999 9.37834e-05 -0.00169998 0.217961 -0.0016998 -0.00185292 -0.999997 -0.0635685
-9.53186e-05 0.999994 -0.00357643 97.5983 1 9.68114e-05 0.000417219 -0.118023 0.000417562 -0.00357639 -0.999994 -0.0652514
-9.72552e-05 0.999997 -0.00261456 98.4601 1 9.76386e-05 0.00014651 -0.0763144 0.000146765 -0.00261455 -0.999997 -0.0675956
-9.76502e-05 0.999996 -0.00292693 99.529 1 9.87959e-05 0.00039129 -0.119241 0.000391578 -0.00292689 -0.999996 -0.0675297
-9.95486e-05 0.999996 -0.0028046 100.526 1 9.93912e-05 -5.62668e-05 -0.0454551 -5.59878e-05 -0.0028046 -0.999996 -0.0694351
0.00588821 0.999975 -0.00387671 101.731 0.999983 -0.00588777 0.000124616 -0.0799535 0.000101788 -0.00387738 -0.999992 -0.0695877
0.0182061 0.999829 -0.00335163 102.661 0.999834 -0.0182048 0.000417795 -0.145673 0.000356708 -0.00335868 -0.999994 -0.0706913
0.0327253 0.999458 -0.00347838 103.705 0.999464 -0.0327259 -0.000104197 -0.0797723 -0.000217974 -0.00347311 -0.999994 -0.0733328
0.0480077 0.998837 -0.00440911 104.898 0.998847 -0.0480063 0.000414277 -0.216171 0.00020213 -0.00442392 -0.99999 -0.0782597
0.0635467 0.997971 -0.00396537 105.841 0.997979 -0.0635462 0.000242543 -0.243184 -9.93324e-06 -0.00397276 -0.999992 -0.078972
0.0791643 0.996854 -0.00399866 106.87 0.996862 -0.0791627 0.000558741 -0.377398 0.000240438 -0.00403034 -0.999992 -0.0827119
0.0948013 0.995493 -0.00239443 107.582 0.995495 -0.0947971 0.00180672 -0.71202 0.00157159 -0.00255492 -0.999996 -0.0859544
0.110417 0.993881 -0.00303015 108.72 0.993884 -0.110412 0.00172524 -0.809002 0.00138011 -0.00320211 -0.999994 -0.0869946
0.126014 0.992026 -0.00232306 109.592 0.992028 -0.126011 0.00137079 -0.867214 0.00106712 -0.00247728 -0.999996 -0.0908034
0.141577 0.989924 -0.00255303 110.647 0.989927 -0.141575 0.000895335 -0.91242 0.000524868 -0.00265407 -0.999996 -0.0920357
0.157108 0.987578 -0.00259017 111.664 0.987581 -0.157104 0.00150032 -1.19435 0.00107476 -0.00279372 -0.999996 -0.0904671
0.172608 0.984989 -0.00160362 112.462 0.98499 -0.172606 0.00164318 -1.40118 0.00134172 -0.00186318 -0.999997 -0.0930098
0.188041 0.982156 -0.00310923 113.784 0.982161 -0.188038 0.00137631 -1.53174 0.000767094 -0.00331257 -0.999994 -0.0961881
0.20344 0.979082 -0.00334254 114.838 0.979087 -0.203438 0.000940661 -1.64109 0.000240984 -0.003464 -0.999994 -0.0986879
0.218825 0.975763 -0.00109252 115.341 0.975764 -0.218824 0.00119056 -1.92166 0.000922631 -0.00132657 -0.999999 -0.0999179
0.234118 0.972207 -0.00145115 116.404 0.972208 -0.234119 -0.000159463 -1.85073 -0.000494772 -0.00137348 -0.999999 -0.0996943
0.249367 0.968409 -0.0010583 117.299 0.968409 -0.249367 9.00086e-05 -2.15253 -0.00017674 -0.00104732 -0.999999 -0.100077
0.264525 0.964377 -0.00200725 118.508 0.964378 -0.264521 0.00212645 -2.88303 0.00151974 -0.00249824 -0.999996 -0.104597
0.279617 0.960107 -0.00294179 119.716 0.960109 -0.279608 0.00321577 -3.42321 0.00226493 -0.00372362 -0.999991 -0.109201
0.294649 0.955599 -0.00349177 120.831 0.955603 -0.294637 0.00346058 -3.78781 0.00227812 -0.0043564 -0.999988 -0.108975
0.30961 0.950855 -0.00392075 121.91 0.950863 -0.309603 0.002324 -3.83195 0.000995911 -0.00444763 -0.99999 -0.110546
0.324522 0.945872 -0.00346015 122.77 0.945878 -0.324518 0.00164084 -3.99906 0.000429142 -0.00380537 -0.999993 -0.10939
0.33932 0.940663 -0.00395794 123.871 0.940671 -0.339314 0.00217541 -4.47492 0.000703346 -0.00446127 -0.99999 -0.110265
0.354082 0.935209 -0.00311038 124.627 0.935213 -0.354075 0.00263063 -4.96136 0.00135888 -0.00384033 -0.999992 -0.112254
0.368732 0.929531 -0.00305043 125.567 0.929535 -0.368727 0.00215145 -5.2182 0.000875066 -0.00362879 -0.999993 -0.11071
0.3833 0.92362 -0.00282207 126.452 0.923624 -0.383297 0.00138396 -5.40984 0.000196559 -0.003137 -0.999995 -0.112167
0.39776 0.917485 -0.00298663 127.428 0.917489 -0.397762 8.32193e-05 -5.46137 -0.00111161 -0.0027733 -0.999996 -0.111677
0.412172 0.911103 -0.00222135 128.143 0.911103 -0.412176 -0.00140525 -5.47447 -0.00219592 -0.00144468 -0.999997 -0.10646
0.426462 0.904504 -0.00171559 128.928 0.904502 -0.426465 -0.00175821 -5.79716 -0.00232195 -0.000801947 -0.999997 -0.106019
0.440646 0.89768 -0.00117684 129.699 0.897679 -0.440647 -0.00158452 -6.27864 -0.00194097 -0.000358214 -0.999998 -0.108319
0.454725 0.890632 -0.000699894 130.466 0.89063 -0.454725 -0.00196717 -6.61747 -0.00207028 0.000271172 -0.999998 -0.108621
0.468667 0.883375 -0.000726636 131.36 0.88337 -0.468667 -0.00276184 -6.84097 -0.00278029 0.000652496 -0.999996 -0.102686
0.482467 0.875914 -0.000973814 132.324 0.87591 -0.482467 -0.00275729 -7.2993 -0.00288498 0.000477327 -0.999996 -0.100563
0.496187 0.868216 -0.000601922 133.105 0.868212 -0.496187 -0.00247904 -7.86196 -0.00245101 0.000707471 -0.999997 -0.105509
0.50976 0.860317 -0.000480283 133.955 0.860315 -0.50976 -0.00190545 -8.5248 -0.00188412 0.000558126 -0.999998 -0.114232
0.523158 0.852235 -0.00071759 134.925 0.852235 -0.523158 -0.000444603 -9.47138 -0.000754319 -0.000378958 -1 -0.125554
0.536482 0.843911 -0.000921531 135.831 0.84391 -0.536483 -0.00127725 -9.73942 -0.00157227 -9.24699e-05 -0.999999 -0.120306
0.549651 0.835394 -0.000819952 136.678 0.835394 -0.549652 -0.000214492 -10.6098 -0.000629874 -0.000567087 -1 -0.135178
0.562745 0.82663 -0.000615718 137.439 0.82663 -0.562745 -0.000984071 -10.9281 -0.00115996 4.48108e-05 -0.999999 -0.130227
0.575627 0.817712 -0.00110325 138.418 0.81771 -0.575628 -0.001471 -11.3228 -0.00183792 -5.53904e-05 -0.999998 -0.129396
0.588364 0.808595 -0.00151852 139.376 0.808593 -0.588366 -0.00167436 -11.8197 -0.00224732 -0.000242737 -0.999997 -0.127193
0.601 0.799248 -0.00135105 140.151 0.799247 -0.601001 -0.00143184 -12.4885 -0.00195638 -0.000219285 -0.999998 -0.134489
0.613535 0.789667 -0.000688013 140.753 0.789667 -0.613535 -0.00102987 -13.2419 -0.00123538 8.85631e-05 -0.999999 -0.142879
0.625786 0.779993 -0.00141591 141.794 0.779992 -0.625788 -0.00117216 -13.7843 -0.00180034 -0.000370878 -0.999998 -0.142991
0.638153 0.769909 -0.000139168 142.114 0.769907 -0.638152 -0.00214402 -14.1177 -0.00173951 0.00126107 -0.999998 -0.140625
0.65019 0.759772 -0.00014852 142.873 0.759769 -0.650188 -0.00262336 -14.583 -0.00208972 0.00159284 -0.999997 -0.133613
0.662048 0.749461 -0.000406058 143.701 0.749456 -0.662046 -0.00333158 -14.9633 -0.00276572 0.00190134 -0.999994 -0.125482
0.673729 0.738978 -0.00035771 144.448 0.738974 -0.673727 -0.00307421 -15.7011 -0.00251277 0.00180685 -0.999995 -0.132338
0.685315 0.728247 4.52615e-05 145.04 0.728243 -0.685311 -0.00321795 -16.3226 -0.00231244 0.00223827 -0.999995 -0.136449
0.696735 0.717328 0.000449491 145.613 0.717325 -0.69673 -0.00340012 -16.9419 -0.00212583 0.00269142 -0.999994 -0.137015
0.707913 0.7063 0.000409985 146.341 0.706297 -0.707908 -0.00343841 -17.6052 -0.00213831 0.00272366 -0.999994 -0.136762
0.718841 0.695175 -0.000254043 147.285 0.695169 -0.718837 -0.00367308 -18.1767 -0.00273605 0.00246376 -0.999993 -0.129104
0.729756 0.683708 0.000169326 147.805 0.683703 -0.72975 -0.0039784 -18.7805 -0.0025965 0.00301903 -0.999992 -0.124409
0.740404 0.672163 3.07457e-05 148.529 0.672157 -0.740397 -0.00422376 -19.3859 -0.00281629 0.00314796 -0.999991 -0.119339
0.750753 0.660582 -0.000971896 149.569 0.660572 -0.750748 -0.00466017 -19.8817 -0.00380807 0.00285663 -0.999989 -0.099958
0.761065 0.648675 -0.00108506 150.253 0.648663 -0.761058 -0.00517861 -20.3911 -0.00418503 0.00323742 -0.999986 -0.0913404
0.771061 0.63676 -0.0016579 151.143 0.636746 -0.771057 -0.00510775 -21.1157 -0.00453074 0.00288273 -0.999986 -0.0824714
0.781089 0.624419 -0.000835435 151.463 0.624408 -0.781083 -0.00500472 -21.943 -0.00377759 0.00338748 -0.999987 -0.0852932
0.790674 0.612236 -0.00108685 152.249 0.612228 -0.79067 -0.00418408 -23.0131 -0.00342099 0.00264284 -0.999991 -0.0889087
0.800007 0.599989 -0.00175741 153.194 0.599981 -0.800007 -0.00349719 -24.0189 -0.00350421 0.00174336 -0.999992 -0.0898175
0.809251 0.587461 -0.00185892 153.891 0.587455 -0.809252 -0.00293023 -25.0267 -0.00322573 0.00127925 -0.999994 -0.0948311
0.818227 0.574891 -0.00220332 154.699 0.574887 -0.81823 -0.00214634 -26.1246 -0.00303673 0.000489533 -0.999995 -0.104087
0.827303 0.561754 -0.00166353 155.028 0.56175 -0.827303 -0.00259207 -26.7733 -0.00283234 0.00120994 -0.999995 -0.104152
0.835991 0.54874 -0.00167819 155.627 0.548736 -0.835992 -0.00236361 -27.686 -0.00269996 0.00105507 -0.999996 -0.0991169
0.844663 0.535298 -0.00102723 155.876 0.535294 -0.844662 -0.00270101 -28.409 -0.0023135 0.00173157 -0.999996 -0.0957878
0.852926 0.522031 -0.000877878 156.398 0.522028 -0.852925 -0.00221063 -29.4582 -0.00190278 0.00142723 -0.999997 -0.114289
0.861102 0.508432 -0.000857635 156.87 0.508428 -0.8611 -0.00277458 -30.0483 -0.00214919 0.00195315 -0.999996 -0.0991859
0.869015 0.494785 -0.000602348 157.28 0.494782 -0.869013 -0.00269901 -30.941 -0.00185888 0.00204745 -0.999996 -0.108623
0.876719 0.481003 -0.000169663 157.606 0.481002 -0.876716 -0.00246052 -31.9326 -0.00133226 0.00207557 -0.999997 -0.12412
0.884134 0.467234 -0.000304318 158.159 0.467232 -0.884132 -0.00240432 -32.8055 -0.00139244 0.00198355 -0.999997 -0.124327
0.89132 0.453375 -0.000660053 158.787 0.453372 -0.891318 -0.00251521 -33.5895 -0.00172865 0.0019426 -0.999997 -0.115006
0.898308 0.439366 -0.000979564 159.38 0.439362 -0.898306 -0.00270969 -34.3391 -0.00207049 0.00200375 -0.999996 -0.107041
0.905133 0.425129 -0.000206163 159.52 0.425128 -0.905131 -0.0021309 -35.5661 -0.00109251 0.0018411 -0.999998 -0.132197
0.911719 0.410814 -0.000603011 160.089 0.410811 -0.911717 -0.00263946 -36.1629 -0.0016341 0.00215873 -0.999996 -0.125124
0.918011 0.396554 -0.000716158 160.583 0.396551 -0.918009 -0.00246475 -37.127 -0.00163485 0.00197867 -0.999997 -0.127486
0.924243 0.381805 -0.000153001 160.683 0.381803 -0.92424 -0.00263425 -38.0089 -0.00114718 0.00237627 -0.999997 -0.121145
0.930098 0.367312 -0.000224275 161.115 0.36731 -0.930095 -0.00253733 -38.9525 -0.00114059 0.00227758 -0.999997 -0.122161
0.935756 0.352648 0.000356186 161.256 0.352648 -0.935754 -0.00204956 -40.1688 -0.00038947 0.00204349 -0.999998 -0.148884
0.941179 0.337907 0.000544801 161.526 0.337908 -0.941177 -0.00190474 -41.1925 -0.000130872 0.0019768 -0.999998 -0.145353
0.946283 0.32334 0.000352831 162.011 0.32334 -0.946281 -0.00155922 -42.2702 -0.00017028 0.00158954 -0.999999 -0.156498
0.951289 0.308301 0.000393829 162.284 0.308301 -0.951287 -0.00177429 -43.0944 -0.000172369 0.00180928 -0.999998 -0.156986
0.956046 0.293217 0.000444391 162.545 0.293217 -0.956044 -0.00191507 -43.9618 -0.000136673 0.00196119 -0.999998 -0.157665
0.960388 0.278667 4.2685e-05 163.127 0.278666 -0.960387 -0.00139003 -45.1352 -0.00034636 0.00134686 -0.999999 -0.156495
0.964614 0.263666 -0.000174021 163.532 0.263666 -0.964613 -0.00135555 -46.0723 -0.000525275 0.0012617 -0.999999 -0.155902
0.968681 0.248309 -0.00034143 163.829 0.248308 -0.96868 -0.00173546 -46.7994 -0.000761666 0.00159633 -0.999998 -0.139164
0.972566 0.232627 -8.70573e-05 163.866 0.232626 -0.972564 -0.00219638 -47.5379 -0.000595607 0.00211588 -0.999998 -0.128368
0.976207 0.216839 0.000512949 163.719 0.21684 -0.976204 -0.00247397 -48.4233 -3.57105e-05 0.00252633 -0.999997 -0.13245
0.9794 0.201928 0.000463717 164.052 0.201928 -0.979398 -0.00193107 -49.6782 6.42277e-05 0.00198493 -0.999998 -0.140782
0.982447 0.186541 0.00016351 164.392 0.186541 -0.982445 -0.00208781 -50.5096 -0.000228822 0.00208166 -0.999998 -0.126236
0.985203 0.171392 0.000472441 164.508 0.171393 -0.985202 -0.0015406 -51.8246 0.000201403 0.00159878 -0.999999 -0.158924
0.987785 0.155817 0.00146516 164.199 0.155819 -0.987785 -0.00107808 -53.2099 0.00127928 0.00129321 -0.999998 -0.209119
0.990108 0.140299 0.0017874 164.195 0.140301 -0.990108 -0.000891763 -54.3487 0.00164461 0.00113372 -0.999998 -0.226672
0.992196 0.12467 0.00231594 164.051 0.124672 -0.992198 -0.000695074 -55.5385 0.00221122 0.000978383 -0.999997 -0.245961
0.994033 0.109059 0.0019312 164.338 0.109061 -0.994035 -0.000901129 -56.3466 0.00182141 0.00110637 -0.999998 -0.224147
0.995603 0.0936353 0.0025039 164.195 0.0936367 -0.995606 -0.000435771 -57.7061 0.0024521 0.000668312 -0.999997 -0.265764
0.997007 0.0772513 0.00301819 163.862 0.0772543 -0.997011 -0.000885908 -58.5185 0.00294073 0.00111642 -0.999995 -0.271978
0.998096 0.0616122 0.00280522 164.024 0.0616151 -0.9981 -0.000954914 -59.4348 0.00274106 0.00112594 -0.999996 -0.261912
0.998945 0.0458038 0.00330596 163.796 0.0458068 -0.99895 -0.000837085 -60.5759 0.00326415 0.000987637 -0.999994 -0.306462
0.999539 0.0301541 0.00359886 163.67 0.0301567 -0.999545 -0.000688206 -61.7183 0.00357647 0.000796418 -0.999993 -0.326823
0.999888 0.0145482 0.00350925 163.745 0.0145505 -0.999894 -0.000631131 -62.7261 0.0034997 0.000682122 -0.999994 -0.341321
0.999982 0.00490963 0.0034114 163.791 0.00491175 -0.999988 -0.000614342 -63.7227 0.00340834 0.000631087 -0.999994 -0.334838
0.999994 0.00149131 0.00320031 163.892 0.00149352 -0.999999 -0.000689499 -64.6206 0.00319927 0.000694275 -0.999995 -0.341233
0.999995 0.000147593 0.00329113 163.784 0.000150189 -1 -0.000788426 -65.5785 0.00329102 0.000788916 -0.999994 -0.337936
0.999995 -0.000182215 0.00300308 163.93 -0.000179738 -1 -0.000825213 -66.4967 0.00300323 0.00082467 -0.999995 -0.321346
0.999994 -0.000190149 0.00352421 163.644 -0.000188065 -1 -0.000591899 -67.7554 0.00352432 0.000591232 -0.999994 -0.358436
0.999993 5.56333e-07 0.00374485 163.549 1.92619e-06 -1 -0.000365793 -68.9438 0.00374485 0.000365798 -0.999993 -0.392928
0.999992 1.1878e-05 0.00389012 163.455 1.30479e-05 -1 -0.000300705 -70.0129 0.00389011 0.000300753 -0.999992 -0.418269
0.999991 -0.000131715 0.00423428 163.199 -0.0001304 -1 -0.000311059 -71.0877 0.00423432 0.000310504 -0.999991 -0.437891
0.999989 -0.0011027 0.00460777 162.784 -0.00109903 -0.999999 -0.000800358 -71.8298 0.00460865 0.000795285 -0.999989 -0.459769
0.999991 -0.00120168 0.00416938 162.991 -0.00119775 -0.999999 -0.000944712 -72.6245 0.00417051 0.000939709 -0.999991 -0.440926
0.99999 -0.000794431 0.00430743 162.937 -0.000791434 -0.999999 -0.000697347 -73.8345 0.00430798 0.000693931 -0.99999 -0.452249
0.999991 -0.000440248 0.0042427 162.999 -0.00043806 -1 -0.00051662 -74.9503 0.00424292 0.000514757 -0.999991 -0.455185
0.999993 -0.000268941 0.00376548 163.273 -0.000266999 -1 -0.000516126 -75.8441 0.00376561 0.000515117 -0.999993 -0.42173
0.999992 -0.00036753 0.00410551 163.026 -0.000365454 -1 -0.000506379 -76.9276 0.0041057 0.000504874 -0.999991 -0.457528
0.999992 -0.000777414 0.00403497 162.981 -0.00077453 -0.999999 -0.000716298 -77.7444 0.00403553 0.000713167 -0.999992 -0.470595
0.999993 -0.000790806 0.00378509 163.116 -0.000788003 -0.999999 -0.000741894 -78.6486 0.00378568 0.000738906 -0.999993 -0.474143
0.999993 -0.000509856 0.00369035 163.205 -0.000507654 -1 -0.000597616 -79.7192 0.00369066 0.000595739 -0.999993 -0.488448
0.999993 -0.000610428 0.00377688 163.093 -0.000607982 -1 -0.000648529 -80.708 0.00377727 0.000646228 -0.999993 -0.491097
0.999994 -0.000627935 0.00348313 163.268 -0.000625621 -1 -0.00066528 -81.5978 0.00348355 0.000663097 -0.999994 -0.497531
0.999993 -0.000381607 0.00361307 163.194 -0.000379669 -1 -0.000537165 -82.7304 0.00361327 0.000535789 -0.999993 -0.510581
0.999994 -0.000705016 0.00348457 163.176 -0.000702508 -0.999999 -0.000720817 -83.5617 0.00348507 0.000718365 -0.999994 -0.49115
0.999994 -0.000826164 0.00327992 163.262 -0.00082357 -0.999999 -0.000792304 -84.4421 0.00328057 0.000789598 -0.999994 -0.483863
0.999994 -0.000887331 0.00333662 163.202 -0.000884663 -0.999999 -0.000801049 -85.4335 0.00333733 0.000798093 -0.999994 -0.510323
0.999995 -0.000792532 0.00318701 163.277 -0.000790058 -0.999999 -0.00077747 -86.4108 0.00318763 0.000774948 -0.999995 -0.493166
0.999995 -0.000746895 0.00300502 163.382 -0.000744605 -0.999999 -0.000763182 -87.3603 0.00300558 0.000760941 -0.999995 -0.487234
0.999996 -0.0008552 0.0027002 163.541 -0.000852968 -0.999999 -0.000827809 -88.2114 0.0027009 0.000825503 -0.999996 -0.466847
0.999996 -0.000549058 0.00276542 163.527 -0.000547168 -1 -0.000684073 -89.3377 0.00276579 0.000682557 -0.999996 -0.477853
0.999996 -5.34732e-05 0.00296185 163.466 -5.21627e-05 -1 -0.000442533 -90.5803 0.00296187 0.000442377 -0.999996 -0.509086
0.999995 -5.00849e-05 0.00304846 163.373 -4.87216e-05 -1 -0.000447268 -91.605 0.00304848 0.000447117 -0.999995 -0.51483
0.999995 -3.15338e-06 0.00330465 163.185 -1.77669e-06 -1 -0.000416595 -92.7026 0.00330465 0.000416587 -0.999994 -0.550903
0.999995 -0.000237687 0.00309277 163.26 -0.000236061 -1 -0.000526094 -93.5439 0.00309289 0.000525362 -0.999995 -0.537333
0.999995 -6.38155e-05 0.00330118 163.125 -6.23594e-05 -1 -0.000441185 -94.6724 0.0033012 0.000440977 -0.999994 -0.569426
0.999994 -0.000246951 0.00340772 162.981 -0.00024514 -1 -0.000531767 -95.6329 0.00340786 0.000530929 -0.999994 -0.581639
0.999994 0.000325741 0.00345646 163.049 0.000326591 -1 -0.000245491 -96.8675 0.00345638 0.000246618 -0.999994 -0.616988
0.999994 0.000194501 0.00338315 163.057 0.0001955 -1 -0.000294966 -97.7954 0.00338309 0.000295626 -0.999994 -0.627833
0.999995 2.6649e-05 0.00301108 163.285 2.76777e-05 -1 -0.000341612 -98.6169 0.00301107 0.000341694 -0.999995 -0.619553
0.999996 -2.09358e-05 0.00289922 163.308 -1.9843e-05 -1 -0.00037697 -99.5586 0.00289923 0.000376911 -0.999996 -0.595259
0.999996 0.00041848 0.00268303 163.535 0.000418886 -1 -0.00015056 -100.666 0.00268296 0.000151683 -0.999996 -0.586777
0.999997 0.000339278 0.00246895 163.679 0.000339662 -1 -0.000155134 -101.571 0.0024689 0.000155972 -0.999997 -0.595625
0.999997 0.000612407 0.00247493 163.738 0.000612411 -1 -8.80759e-07 -102.685 0.00247493 2.39643e-06 -0.999997 -0.62886
0.999997 0.000103785 0.00235617 163.664 0.000104419 -1 -0.000268881 -103.434 0.00235614 0.000269127 -0.999997 -0.590984
0.999998 -0.000442974 0.00212554 163.707 -0.000441881 -1 -0.000514648 -104.134 0.00212577 0.000513708 -0.999998 -0.581193
0.999998 -0.000651423 0.00185039 163.839 -0.000650309 -1 -0.000602583 -104.957 0.00185078 0.000601378 -0.999998 -0.547834
0.999998 -0.000709038 0.00194344 163.74 -0.000707795 -1 -0.000640242 -105.948 0.0019439 0.000638865 -0.999998 -0.565875
0.999998 -0.000641559 0.00162421 163.991 -0.000640647 -1 -0.000562516 -106.878 0.00162457 0.000561475 -0.999999 -0.546791
0.999999 -0.000992972 0.00141878 164.059 -0.000991951 -0.999999 -0.000720074 -107.653 0.00141949 0.000718666 -0.999999 -0.536082
0.999999 -0.000983933 0.00135547 164.088 -0.000982967 -0.999999 -0.000713005 -108.625 0.00135617 0.000711672 -0.999999 -0.527404
0.999998 -0.000822636 0.00159458 163.922 -0.000821584 -0.999999 -0.000660521 -109.75 0.00159512 0.00065921 -0.999999 -0.55568
0.999999 -0.00025355 0.00149383 164.121 -0.000253055 -1 -0.00033122 -110.982 0.00149391 0.000330842 -0.999999 -0.541078
0.999999 -5.0696e-05 0.00160144 164.069 -5.03204e-05 -1 -0.000234553 -112.099 0.00160145 0.000234472 -0.999999 -0.554581
0.999998 -7.24069e-05 0.00181268 163.883 -7.18991e-05 -1 -0.000280202 -113.135 0.0018127 0.000280071 -0.999998 -0.588304
0.999998 0.000218248 0.00220668 163.616 0.000218644 -1 -0.000179525 -114.375 0.00220665 0.000180007 -0.999998 -0.629046
0.999997 0.000603395 0.00236623 163.546 0.000603365 -1 1.32598e-05 -115.611 0.00236624 -1.18321e-05 -0.999997 -0.62543
0.999998 0.000420501 0.00213961 163.643 0.000420653 -1 -7.04262e-05 -116.453 0.00213958 7.1326e-05 -0.999998 -0.592057
0.999998 0.000478503 0.00209806 163.66 0.000478573 -1 -3.2929e-05 -117.471 0.00209804 3.3933e-05 -0.999998 -0.578941
0.999998 0.000345843 0.00211335 163.567 0.000346142 -1 -0.000141333 -118.391 0.0021133 0.000142064 -0.999998 -0.568217
0.999997 0.000174292 0.00231232 163.322 0.000175015 -1 -0.00031227 -119.325 0.00231226 0.000312674 -0.999997 -0.598267
0.999997 -2.02494e-06 0.00251622 163.06 -7.69549e-07 -1 -0.000498919 -120.249 0.00251622 0.000498916 -0.999997 -0.624654
0.999996 0.000197201 0.00280698 162.851 0.000198378 -1 -0.000419021 -121.433 0.0028069 0.000419576 -0.999996 -0.662768
0.999997 0.000238381 0.00257614 163.036 0.000239213 -1 -0.000322743 -122.413 0.00257607 0.000323359 -0.999997 -0.641708
0.999997 0.000170646 0.00235879 163.173 0.0001714 -1 -0.000319352 -123.319 0.00235874 0.000319756 -0.999997 -0.623306
0.999997 0.000231455 0.00231049 163.227 0.000232016 -1 -0.00024241 -124.354 0.00231044 0.000242945 -0.999997 -0.63637
0.999998 0.000308273 0.00217403 163.374 0.000308521 -1 -0.000114033 -125.393 0.002174 0.000114704 -0.999998 -0.643615
0.999998 0.000264313 0.00198666 163.519 0.000264482 -1 -8.46044e-05 -126.326 0.00198664 8.51296e-05 -0.999998 -0.64768
0.999998 0.000314826 0.00191197 163.586 0.000314836 -1 -4.67434e-06 -127.359 0.00191197 5.27628e-06 -0.999998 -0.638258
0.999998 0.000359004 0.00191567 163.591 0.000358911 -1 4.89176e-05 -128.4 0.00191568 -4.823e-05 -0.999998 -0.651123
0.999998 0.000179644 0.00177446 163.586 0.000179886 -1 -0.000136241 -129.186 0.00177443 0.00013656 -0.999998 -0.626558
0.999998 0.000128879 0.00188553 163.376 0.000129428 -1 -0.000290868 -130.118 0.00188549 0.000291111 -0.999998 -0.589462
0.999998 9.11073e-05 0.0018435 163.35 9.17378e-05 -1 -0.000341908 -131.057 0.00184346 0.000342076 -0.999998 -0.568863
0.999998 0.000122727 0.00193867 163.258 0.000123387 -1 -0.000340439 -132.093 0.00193862 0.000340677 -0.999998 -0.58791
0.999998 -3.09297e-07 0.00193207 163.161 8.18119e-07 -1 -0.000583528 -132.871 0.00193207 0.000583529 -0.999998 -0.63916
0.999998 6.3373e-05 0.00205802 163.069 6.44469e-05 -1 -0.000521768 -133.969 0.00205798 0.0005219 -0.999998 -0.661874
0.999998 -0.000123916 0.0017819 163.107 -0.000122391 -1 -0.000855731 -134.564 0.001782 0.000855512 -0.999998 -0.633296
0.999999 -0.00024072 0.0013913 163.37 -0.000239494 -1 -0.000880957 -135.356 0.00139151 0.000880623 -0.999999 -0.587901
0.999999 -0.000324459 0.0011652 163.462 -0.000323279 -0.999999 -0.001012 -136.134 0.00116553 0.00101162 -0.999999 -0.558916
0.999999 -0.000307716 0.0011825 163.475 -0.000306656 -1 -0.000895908 -137.22 0.00118277 0.000895544 -0.999999 -0.556154
0.999999 -0.000325333 0.00111428 163.498 -0.000324344 -1 -0.000887109 -138.185 0.00111457 0.000886747 -0.999999 -0.526543
0.999999 -0.000315571 0.00119862 163.544 -0.000314816 -1 -0.00063037 -139.408 0.00119882 0.000629992 -0.999999 -0.568988
0.999999 -0.000312364 0.00121854 163.488 -0.000311583 -1 -0.000641548 -140.4 0.00121874 0.000641168 -0.999999 -0.547177
0.999999 -0.000336743 0.0012306 163.551 -0.00033615 -1 -0.000481687 -141.513 0.00123077 0.000481273 -0.999999 -0.587311
0.999999 -0.000278995 0.00133084 163.383 -0.000278176 -1 -0.000616183 -142.444 0.00133101 0.000615812 -0.999999 -0.582752
0.999999 -0.000340744 0.00124106 163.492 -0.000340134 -1 -0.000491764 -143.487 0.00124123 0.000491341 -0.999999 -0.58302
0.999999 -0.0001288 0.00136724 163.19 -0.000127556 -1 -0.000910237 -144.204 0.00136736 0.000910062 -0.999999 -0.593804
0.999999 2.14924e-05 0.00151453 162.919 2.32591e-05 -0.999999 -0.00116652 -145.059 0.0015145 0.00116655 -0.999998 -0.575077
0.999999 -3.74513e-05 0.00167259 162.844 -3.57492e-05 -0.999999 -0.00101769 -146.228 0.00167263 0.00101763 -0.999998 -0.619
0.999998 -6.09955e-05 0.00207265 162.542 -5.91171e-05 -1 -0.000906304 -147.483 0.0020727 0.00090618 -0.999997 -0.663696
0.999998 6.7823e-05 0.00203504 162.477 7.00077e-05 -0.999999 -0.0010735 -148.321 0.00203497 0.00107364 -0.999997 -0.672223
0.999998 -0.000158875 0.00214496 162.475 -0.000157171 -1 -0.000794634 -149.574 0.00214508 0.000794295 -0.999997 -0.690277
0.999998 -0.000318263 0.00205855 162.573 -0.000316951 -1 -0.000637688 -150.645 0.00205875 0.000637035 -0.999998 -0.674314
0.999998 -0.000410213 0.00187185 162.719 -0.000409157 -1 -0.000564683 -151.606 0.00187208 0.000563916 -0.999998 -0.648222
0.999998 -0.000437396 0.00167821 162.856 -0.000436476 -1 -0.000548781 -152.519 0.00167845 0.000548048 -0.999998 -0.631875
0.999998 -0.000841232 0.0016804 162.955 -0.000840871 -1 -0.00021525 -153.766 0.00168058 0.000213836 -0.999999 -0.616294
0.999998 -0.000702899 0.00192781 162.67 -0.000702262 -1 -0.000330978 -154.786 0.00192804 0.000329624 -0.999998 -0.626121
0.999998 -0.000996881 0.00187017 162.755 -0.000996648 -0.999999 -0.000125588 -155.911 0.0018703 0.000123724 -0.999998 -0.591464
0.999998 -0.000878104 0.00194729 162.646 -0.000877714 -1 -0.000201342 -156.881 0.00194747 0.000199633 -0.999998 -0.624848
0.999997 -0.00163734 0.00204559 162.721 -0.00163793 -0.999999 0.000289907 -158.293 0.00204511 -0.000293257 -0.999998 -0.614043
0.999996 -0.00217356 0.00178906 163.058 -0.00217471 -0.999997 0.000645517 -159.442 0.00178765 -0.000649406 -0.999998 -0.610342
0.999997 -0.00165633 0.00189703 162.799 -0.00165694 -0.999999 0.000318436 -160.249 0.0018965 -0.000321579 -0.999998 -0.596155
0.999996 -0.00194651 0.00191287 162.837 -0.00194745 -0.999998 0.000489973 -161.383 0.00191192 -0.000493697 -0.999998 -0.619125
0.999996 -0.00210557 0.00177914 162.975 -0.00210662 -0.999998 0.000593248 -162.4 0.00177788 -0.000596994 -0.999998 -0.631554
0.999991 0.00380488 0.00166672 163.05 0.00380383 -0.999993 0.000634047 -163.381 0.00166912 -0.000627702 -0.999998 -0.599377
0.999864 0.0163952 0.00166623 162.988 0.0163944 -0.999865 0.000498175 -164.282 0.00167417 -0.000470791 -0.999998 -0.606662
0.999533 0.0305214 0.00170481 163.035 0.0305202 -0.999534 0.000686831 -165.439 0.00172498 -0.000634478 -0.999998 -0.620936
0.998946 0.0458696 0.00190082 162.861 0.0458685 -0.998947 0.000633795 -166.49 0.00192789 -0.000545939 -0.999998 -0.63338
0.998095 0.0616746 0.00176266 162.973 0.0616737 -0.998096 0.000534314 -167.356 0.00179226 -0.000424586 -0.999998 -0.630622
0.997009 0.0772682 0.00159129 163.204 0.0772674 -0.99701 0.000579913 -168.31 0.00163134 -0.000455224 -0.999999 -0.664425
0.995641 0.0932537 0.00148288 163.318 0.0932532 -0.995642 0.000453187 -169.167 0.00151868 -0.000312928 -0.999999 -0.669598
0.994016 0.109228 0.00143115 163.393 0.109227 -0.994017 0.000321679 -170.043 0.00145773 -0.000163433 -0.999999 -0.668488
0.992185 0.124766 0.00162049 163.324 0.124765 -0.992186 0.000315572 -171.114 0.0016472 -0.000110925 -0.999999 -0.688054
0.990111 0.140273 0.00167894 163.387 0.140272 -0.990113 0.000327625 -172.138 0.0017083 -8.88766e-05 -0.999999 -0.695243
0.987772 0.155898 0.00175367 163.454 0.155898 -0.987773 0.000295139 -173.136 0.00177824 -1.81373e-05 -0.999998 -0.750606
0.985153 0.17167 0.00187429 163.427 0.17167 -0.985155 0.000171116 -174.085 0.00187584 0.000153183 -0.999998 -0.724959
0.982323 0.187189 0.00163088 163.809 0.187189 -0.982324 0.000196891 -174.981 0.0016389 0.000111871 -0.999999 -0.73039
0.979321 0.202308 0.0015299 164.094 0.202308 -0.979322 0.000298587 -175.987 0.00155868 1.70987e-05 -0.999999 -0.704816
0.976152 0.217085 0.00136745 164.48 0.217085 -0.976153 0.000496282 -177.032 0.00144257 -0.000187594 -0.999999 -0.666491
0.972899 0.231226 0.00135719 164.808 0.231225 -0.9729 0.000836048 -178.24 0.00151373 -0.000499574 -0.999999 -0.664624
0.969136 0.246525 0.00136122 165.008 0.246524 -0.969136 0.000815707 -179.201 0.0015203 -0.000454958 -0.999999 -0.640965
0.964981 0.262317 0.00130003 165.248 0.262317 -0.964982 0.000662932 -180.04 0.0014284 -0.000298699 -0.999999 -0.642912
0.960723 0.277506 0.00122131 165.564 0.277505 -0.960724 0.000659072 -180.968 0.00135624 -0.000294266 -0.999999 -0.628994
0.956202 0.292704 0.0012507 165.772 0.292703 -0.956203 0.000607191 -181.903 0.00137365 -0.000214513 -0.999999 -0.591585
0.951788 0.306754 0.00111304 166.256 0.306754 -0.951789 0.000867727 -182.98 0.00132555 -0.000484465 -0.999999 -0.575893
0.947292 0.32037 0.00117407 166.598 0.320369 -0.947292 0.00117239 -184.166 0.00148779 -0.000734459 -0.999999 -0.588795
0.941769 0.336258 0.00139625 166.632 0.336257 -0.94177 0.000879355 -185.008 0.00161064 -0.000358648 -0.999999 -0.635416
0.936977 0.34939 0.00138578 167.084 0.349388 -0.936977 0.0012581 -186.207 0.00173802 -0.000694637 -0.999998 -0.64236
0.931247 0.364387 0.00131879 167.448 0.364386 -0.931247 0.00119049 -187.074 0.00166192 -0.000628089 -0.999998 -0.593369
0.925574 0.378563 0.00139513 167.752 0.378562 -0.925575 0.00126197 -188.088 0.00176903 -0.000639908 -0.999998 -0.588297
0.919005 0.394242 0.00141058 168.022 0.394241 -0.919006 0.00099621 -188.844 0.00168908 -0.000359412 -0.999999 -0.568397
0.912565 0.408929 0.00129613 168.508 0.408928 -0.912566 0.000958388 -189.697 0.00157472 -0.000344569 -0.999999 -0.593998
0.906345 0.422536 0.00139807 168.843 0.422535 -0.906346 0.00107652 -190.731 0.001722 -0.000384965 -0.999998 -0.59165
0.899158 0.437622 0.00140681 169.207 0.437621 -0.899159 0.000892128 -191.522 0.00165536 -0.000186517 -0.999999 -0.631574
0.892042 0.451952 0.00115119 169.862 0.451951 -0.892042 0.000888808 -192.321 0.00142861 -0.000272571 -0.999999 -0.610244
0.885126 0.465351 0.00109079 170.396 0.46535 -0.885126 0.00101139 -193.275 0.00143614 -0.000387605 -0.999999 -0.619854
0.87815 0.478384 0.000919055 171.063 0.478383 -0.878151 0.00120326 -194.226 0.00138269 -0.000616987 -0.999999 -0.616084
0.870299 0.492524 0.000890742 171.552 0.492523 -0.870299 0.00113147 -195.051 0.00133249 -0.000546005 -0.999999 -0.651956
