-2.78253e-05 1 -5.05603e-05 9.07912 1 2.7831e-05 0.000113476 -1.44218 0.000113477 -5.05571e-05 -1 -10.0604
1.8953e-05 1 -0.000479149 9.09209 1 -1.87627e-05 0.000397099 -1.45577 0.00039709 -0.000479156 -1 -10.3047
6.68086e-05 1 0.000287053 9.1063 1 -6.66762e-05 -0.000461221 -1.47072 -0.000461201 0.000287083 -1 -10.7442
0.000142549 0.999999 -0.00126675 9.1181 0.999999 -0.000141028 0.00120047 -1.48316 0.00120029 -0.00126692 -0.999998 -11.3782
0.000195634 0.999997 -0.00248667 9.12907 0.999997 -0.000189935 0.0022919 -1.49529 0.00229143 -0.00248711 -0.999994 -12.2049
0.000373349 0.999985 -0.00548734 9.13545 0.999987 -0.000345887 0.00500467 -1.50263 0.0050027 -0.00548914 -0.999972 -13.2127
0.000405214 0.999975 -0.00701073 9.14109 0.99998 -0.000360561 0.00636935 -1.50931 0.00636667 -0.00701317 -0.999955 -14.4052
0.000598813 0.999913 -0.0131539 9.13015 0.999931 -0.000444395 0.0117391 -1.50163 0.0117323 -0.01316 -0.999845 -15.7701
0.000675816 0.999773 -0.0212866 9.10166 0.999802 -0.000251982 0.0199072 -1.47413 0.0198974 -0.0212958 -0.999575 -17.2951
0.00144901 0.999355 -0.0358805 9.03314 0.999538 -0.000358363 0.0303843 -1.41923 0.0303518 -0.035908 -0.998894 -18.8934
0.00184482 0.998914 -0.0465498 8.95916 0.999233 -2.10702e-05 0.0391486 -1.35351 0.0391051 -0.0465863 -0.998149 -20.4773
0.00277284 0.998033 -0.0626287 8.83519 0.998657 0.000476549 0.0518089 -1.24464 0.0517369 -0.0626883 -0.996691 -22.2155
0.00341116 0.99731 -0.073216 8.73414 0.998632 0.00042297 0.0522881 -1.18214 0.0521784 -0.0732942 -0.995944 -23.729
0.00605953 0.993989 -0.109309 8.41804 0.996631 0.00293759 0.081961 -0.90186 0.0817895 -0.109437 -0.990623 -25.6143
0.00784853 0.991437 -0.13035 8.19152 0.995489 0.00457877 0.0947654 -0.719351 0.0945508 -0.130506 -0.986929 -26.9304
0.0101373 0.987072 -0.159954 7.9084 0.994155 0.00724608 0.107721 -0.513847 0.107488 -0.160111 -0.981229 -27.8788
0.0168025 0.972942 -0.230438 7.37466 0.990353 0.0155096 0.137696 -0.145982 0.137544 -0.230529 -0.963295 -28.0365
0.022126 0.956152 -0.292033 6.90914 0.987822 0.0240891 0.153714 0.130119 0.154008 -0.291877 -0.943975 -28.1842
0.0323107 0.931742 -0.36168 6.38259 0.982171 0.0374518 0.184224 0.492951 0.185194 -0.361184 -0.91392 -28.0101
0.0613293 0.876195 -0.478038 5.4485 0.964738 0.070786 0.253513 1.21626 0.255966 -0.476729 -0.840958 -27.7306
0.0918792 0.849072 -0.520226 4.95496 0.94157 0.095932 0.322867 1.77311 0.324043 -0.519494 -0.790646 -27.4917
0.099926 0.737273 -0.668164 4.29168 0.947256 0.135018 0.290648 1.81099 0.304501 -0.661966 -0.684894 -25.8329
0.0968322 0.650834 -0.75302 3.97714 0.953424 0.156494 0.25786 1.75016 0.285667 -0.742917 -0.605367 -24.616
0.103877 0.529929 -0.841656 3.60572 0.953328 0.188166 0.236133 1.78255 0.283505 -0.826903 -0.48565 -23.2297
0.150195 0.310314 -0.938694 2.4824 0.936768 0.258882 0.235468 2.34289 0.31608 -0.914705 -0.25181 -22.4041
0.363426 0.0060475 -0.931603 1.90023 0.843002 0.423535 0.331611 3.02453 0.396572 -0.905859 0.148826 -18.8675
0.302269 -0.504912 -0.808515 1.2523 0.914275 0.393543 0.0960433 2.41788 0.269692 -0.768236 0.580585 -15.4974
0.337309 -0.551572 -0.762883 0.64532 0.906835 0.407936 0.106016 2.69431 0.252732 -0.727569 0.637785 -15.1065
0.321119 -0.794823 -0.514917 0.586359 0.931552 0.363024 0.0205836 2.32012 0.170567 -0.486282 0.856993 -12.4649
0.416566 -0.89812 -0.140905 0.975172 0.905795 0.423248 -0.0199012 2.29281 0.0775113 -0.119341 0.989823 -9.58739
0.0427318 -0.999085 -0.00201964 0.480678 0.998871 0.0427645 -0.0206794 1.07459 0.0207468 -0.0011337 0.999784 -8.45465
0.0735702 -0.967928 0.240214 0.00222237 0.99727 0.0729443 -0.0115085 1.29838 -0.00638289 0.240405 0.970652 -6.42189
0.131495 -0.977698 0.163756 0.577479 0.990846 0.134718 0.00868833 1.39452 -0.0305554 0.161114 0.986463 -7.01119
0.0449219 -0.934975 0.351857 0.679291 0.995555 0.0710817 0.061779 1.11598 -0.0827724 0.347518 0.934013 -5.64626
-0.328104 -0.905291 0.269807 0.0433278 0.917478 -0.237394 0.319184 -0.180103 -0.224904 0.352267 0.908475 -5.10198
-0.391986 -0.908192 0.146745 -0.730118 0.869804 -0.31391 0.380659 -0.472859 -0.299647 0.276852 0.912998 -5.17932
-0.399214 -0.900156 0.174207 -0.715827 0.864225 -0.305992 0.399354 -0.405364 -0.306175 0.309981 0.900094 -4.78275
-0.419786 -0.87974 0.223243 -1.20197 0.853075 -0.298451 0.428008 -0.35508 -0.309908 0.370115 0.875769 -3.94297
-0.478551 -0.866589 0.141468 -1.97333 0.775161 -0.34127 0.531659 -0.748176 -0.41245 0.364086 0.83506 -3.56012
-0.463673 -0.884901 -0.0442336 -2.22725 0.72791 -0.408925 0.550388 -1.05231 -0.505127 0.223002 0.833736 -4.55526
-0.367282 -0.914696 0.16863 -1.80259 0.927421 -0.346375 0.141118 0.452892 -0.0706709 0.208221 0.975525 -4.30317
-0.25658 -0.911845 0.320477 -1.60884 0.919447 -0.332495 -0.209915 1.41445 0.297967 0.240802 0.923705 -3.93402
-0.139182 -0.919044 0.368763 -1.73675 0.772539 -0.333742 -0.540185 2.36108 0.619525 0.2097 0.756448 -3.81374
-0.215755 -0.784905 0.580839 -2.04377 0.925002 -0.35483 -0.135897 1.86305 0.312765 0.507956 0.802595 -2.28549
-0.161917 -0.614903 0.771802 -2.53748 0.904634 -0.404955 -0.132848 2.30983 0.394234 0.676688 0.621831 -1.02387
-0.197857 -0.635028 0.746721 -2.62334 0.897709 -0.423322 -0.122138 2.38062 0.393665 0.646172 0.653827 -1.13125
-0.226798 -0.413347 0.881877 -2.70035 0.914442 -0.402009 0.0467467 2.42745 0.3352 0.817027 0.469156 -0.176903
-0.386123 -0.714618 0.583292 -3.17302 0.921688 -0.273241 0.275373 1.78413 -0.0374072 0.643941 0.76416 -1.21896
-0.386444 -0.381634 0.839653 -3.3041 0.90546 -0.330221 0.266641 2.31709 0.175511 0.863313 0.473166 0.0691667
-0.184933 -0.326623 0.926886 -3.18542 0.753897 -0.652177 -0.0794011 3.2475 0.630428 0.684092 0.366849 0.237138
-0.276817 -0.516087 0.810572 -3.49183 0.744513 -0.648488 -0.158631 3.30864 0.607514 0.559569 0.563746 -0.206307
-0.282561 -0.49581 0.821177 -3.50385 0.705209 -0.687682 -0.172551 3.51698 0.650261 0.530345 0.543962 0.00432943
-0.0664605 -0.402427 0.913036 -4.10395 0.328406 -0.872898 -0.360831 4.69958 0.942196 0.275866 0.190173 0.591891
-0.188375 -0.56897 0.800492 -4.62532 0.289656 -0.811015 -0.508286 4.98421 0.93841 0.136119 0.317581 0.207075
-0.405334 -0.421915 0.810982 -4.83032 0.7436 -0.668193 0.0240274 3.89472 0.531755 0.612785 0.584578 0.637528
-0.572289 -0.270676 0.774093 -4.44048 0.813828 -0.303543 0.495525 3.3402 0.100844 0.913562 0.393999 1.35429
-0.788139 -0.366935 0.494161 -4.57366 0.374166 0.35185 0.858022 2.1484 -0.488709 0.861139 -0.140012 1.80389
-0.726012 -0.60741 0.322428 -4.6879 -0.0588714 0.522039 0.850888 1.12527 -0.685158 0.598773 -0.414765 1.8667
-0.244834 -0.964526 0.0987231 -4.74587 -0.338493 0.180447 0.923505 -0.582815 -0.908559 0.192688 -0.370665 0.525945
-0.23081 -0.962693 0.141238 -4.47845 -0.421086 0.22969 0.877456 -0.244381 -0.877162 0.143052 -0.458391 1.16217
-0.273957 -0.953157 0.128218 -5.00134 -0.446975 0.244232 0.86056 -0.401675 -0.851564 0.178446 -0.492947 1.33431
-0.269856 -0.957991 0.0971113 -5.40601 -0.44102 0.21262 0.871949 -0.408122 -0.855967 0.192473 -0.47987 1.43357
-0.0661132 -0.99776 0.0102262 -4.79254 -0.584607 0.0470384 0.809952 -0.682201 -0.808618 0.0475702 -0.586407 1.6635
0.286285 -0.88667 -0.363122 -4.53179 -0.280553 -0.439948 0.853074 -0.95738 -0.91615 -0.142347 -0.374708 0.472799
0.408351 -0.77345 -0.484793 -3.72767 -0.216613 -0.598028 0.771649 -0.885542 -0.886751 -0.210091 -0.411745 0.665707
0.350067 -0.676496 -0.647924 -4.49507 0.213923 -0.615676 0.758406 -0.684548 -0.91197 -0.404099 -0.0708101 -0.405408
0.336876 -0.419722 -0.842821 -3.60332 0.428921 -0.728456 0.534208 -0.595267 -0.838177 -0.541466 -0.0653722 -1.07495
0.406053 -0.47101 -0.783116 -3.16195 0.180482 -0.79873 0.573983 -2.007 -0.89585 -0.374405 -0.239318 -1.05153
0.290478 -0.28643 -0.913006 -3.01233 0.537137 -0.740829 0.403307 -1.55228 -0.7919 -0.607561 -0.0613421 -2.56627
0.287189 -0.313541 -0.905105 -3.01321 0.529957 -0.735106 0.422806 -1.33329 -0.797915 -0.601092 -0.0449507 -2.13347
0.229271 -0.20883 -0.950697 -2.4761 0.651767 -0.692487 0.309292 -1.006 -0.722935 -0.690545 -0.0226586 -2.7528
0.246827 -0.226817 -0.942141 -2.39081 0.674683 -0.657662 0.335087 -0.440885 -0.695614 -0.718355 -0.00929911 -2.1042
0.217525 -0.322494 -0.921239 -3.03351 0.668489 -0.638502 0.381363 -0.662296 -0.7112 -0.698794 0.0766935 -2.2374
0.105974 -0.351214 -0.930279 -3.4853 0.582729 -0.736129 0.344298 -1.67446 -0.805727 -0.578587 0.126652 -2.74388
0.158667 -0.299175 -0.940914 -3.53181 0.711377 -0.626208 0.31907 -1.22741 -0.684666 -0.719971 0.113468 -3.66697
0.145538 -0.279175 -0.949147 -3.34145 0.692145 -0.656772 0.299308 -1.36575 -0.706933 -0.700508 0.0976442 -3.70519
0.079734 -0.312022 -0.946723 -3.68248 0.584766 -0.754514 0.297923 -1.76084 -0.807274 -0.577366 0.122299 -2.92794
0.233997 -0.301857 -0.92419 -3.60522 0.675626 -0.633065 0.377833 -1.1845 -0.699124 -0.712819 0.0558073 -3.28817
0.0711648 -0.278662 -0.957749 -3.52849 0.495383 -0.823523 0.276417 -1.89059 -0.865755 -0.494124 0.0794386 -2.24257
0.0683907 -0.245915 -0.966876 -3.51628 0.431636 -0.866451 0.250904 -2.04709 -0.899452 -0.434498 0.0468886 -1.9312
0.193296 -0.352279 -0.915716 -3.5276 0.40993 -0.818954 0.401586 -1.68608 -0.8914 -0.453005 -0.0138908 -1.16586
0.206416 -0.4296 -0.879111 -3.08001 0.218816 -0.855438 0.46941 -1.65924 -0.953683 -0.289258 -0.0825727 0.233352
0.589915 -0.56251 -0.579294 -2.44488 0.234768 -0.566947 0.789592 -0.77972 -0.772583 -0.601792 -0.202391 0.205162
0.454482 -0.483653 -0.748015 -2.72866 0.387652 -0.648667 0.654948 -1.17732 -0.80198 -0.587632 -0.107319 -0.81541
0.630941 -0.497768 -0.595098 -2.62032 0.393245 -0.456026 0.798372 -0.707805 -0.668784 -0.737745 -0.0919808 -1.62218
0.537888 -0.444932 -0.716039 -3.12004 0.441159 -0.575228 0.688833 -0.979779 -0.71837 -0.686402 -0.113123 -1.86098
0.612297 -0.508262 -0.605609 -2.63078 0.343176 -0.519213 0.782718 -0.801239 -0.712266 -0.687086 -0.143489 -1.22954
0.645909 -0.551288 -0.528093 -2.70251 0.30638 -0.446405 0.840746 -0.61036 -0.699237 -0.704843 -0.119433 -1.04983
0.798376 -0.502039 -0.332493 -3.15948 0.211563 -0.283103 0.935464 0.0760632 -0.56377 -0.817196 -0.11981 -1.61945
0.694478 -0.459851 -0.553387 -2.64314 0.255107 -0.561778 0.786973 -0.672019 -0.672771 -0.687708 -0.272831 -1.42352
0.731614 -0.416137 -0.539973 -2.82193 0.295597 -0.520097 0.801325 -0.618231 -0.614299 -0.745875 -0.257501 -2.72772
0.872444 -0.39796 -0.283672 -2.09183 0.122879 -0.383172 0.915467 -0.0768296 -0.473015 -0.833551 -0.285396 -3.53057
0.795169 -0.390421 -0.46398 -2.74142 0.233441 -0.509092 0.828451 -0.414802 -0.559653 -0.767071 -0.313674 -3.3185
0.669593 -0.427113 -0.607634 -3.67188 0.351369 -0.53861 0.765793 -0.552417 -0.654358 -0.726274 -0.210575 -2.85972
0.627693 -0.454604 -0.631931 -3.70244 0.369557 -0.540449 0.755872 -0.65038 -0.685149 -0.70799 -0.171234 -2.73004
0.473703 -0.436816 -0.76472 -3.7809 0.446761 -0.629112 0.636099 -1.08075 -0.758953 -0.64297 -0.10286 -2.48907
0.230039 -0.284636 -0.930626 -4.14416 0.52841 -0.766498 0.365053 -1.81885 -0.81723 -0.575729 -0.0259203 -3.00508
0.0277497 -0.226797 -0.973547 -3.94771 0.524274 -0.825919 0.20735 -2.25369 -0.851097 -0.516159 0.095985 -2.41314
0.213735 -0.221219 -0.951514 -3.77014 0.47336 -0.828582 0.298968 -2.19603 -0.854545 -0.514309 -0.0723811 -2.85329
0.623841 -0.467579 -0.626253 -3.50476 0.285328 -0.609729 0.739472 -1.16671 -0.727606 -0.64 -0.24696 -3.64502
0.681163 -0.514412 -0.520958 -3.64211 0.227531 -0.52759 0.818461 -0.842158 -0.695878 -0.67604 -0.24233 -4.03227
0.593322 -0.552631 -0.585293 -3.86955 0.318797 -0.506331 0.801247 -0.943404 -0.739146 -0.661987 -0.12424 -3.63187
0.740777 -0.634601 -0.220298 -3.58173 0.0745419 -0.248265 0.96582 0.0255965 -0.667602 -0.731879 -0.136605 -3.61035
0.750698 -0.603881 -0.267918 -3.7582 0.0677046 -0.333081 0.940464 -0.0370662 -0.657167 -0.724144 -0.209158 -3.95303
0.797145 -0.579714 -0.168796 -3.43616 -0.0515351 -0.343867 0.937603 0.052739 -0.601585 -0.738707 -0.303987 -4.16787
0.773164 -0.528022 -0.351298 -3.51094 0.0227983 -0.530419 0.847429 -0.627957 -0.633796 -0.66321 -0.398063 -4.397
0.791961 -0.607231 -0.0637803 -3.37874 -0.0981754 -0.229746 0.968286 0.210646 -0.602627 -0.760584 -0.241565 -3.97671
0.771371 -0.623834 -0.12577 -3.1748 -0.0741545 -0.284396 0.955835 -0.212588 -0.632051 -0.727976 -0.265635 -3.63081
0.813919 -0.579863 -0.035987 -2.90021 -0.196315 -0.332797 0.922337 -0.221172 -0.546806 -0.743643 -0.384706 -4.07443
0.744576 -0.665862 -0.0472694 -3.01708 -0.132188 -0.216483 0.967296 -0.236892 -0.654319 -0.713977 -0.249207 -3.06159
0.727085 -0.624894 0.28435 -2.19036 -0.360106 0.0055068 0.932895 0.253751 -0.584527 -0.78069 -0.221024 -2.49299
0.729644 -0.627243 0.272369 -1.70581 -0.440491 -0.126456 0.888806 -0.265332 -0.523055 -0.768488 -0.368563 -2.69519
0.654393 -0.692623 0.303386 -1.65772 -0.443992 -0.0271829 0.895618 -0.341428 -0.612079 -0.720787 -0.325308 -1.96555
0.589744 -0.761323 0.269426 -1.64491 -0.437047 -0.0203276 0.899209 -0.606092 -0.679111 -0.648054 -0.344722 -1.54925
0.521969 -0.716057 0.463477 -1.81251 -0.490613 0.19245 0.84986 0.0558858 -0.697744 -0.670989 -0.250854 -0.897451
0.279823 -0.80679 0.520374 -1.52625 -0.482346 0.350506 0.8028 -0.195895 -0.830085 -0.475642 -0.291073 0.33161
0.27997 -0.838229 0.467962 -1.76899 -0.467523 0.306696 0.829072 -0.339102 -0.838474 -0.450898 -0.306026 0.341871
0.26492 -0.89492 0.359075 -1.94049 -0.431691 0.222908 0.874045 -0.71856 -0.862242 -0.386562 -0.327276 0.276362
0.451149 -0.864344 0.222202 -2.94457 -0.263272 0.109002 0.958544 -0.960087 -0.852732 -0.490946 -0.178381 -0.431141
0.461711 -0.812836 0.355135 -2.62913 -0.432415 0.143319 0.890212 -0.546768 -0.774494 -0.564586 -0.285311 -0.230623
0.412056 -0.831786 0.371943 -2.39429 -0.522142 0.118974 0.844519 -0.536263 -0.746711 -0.542196 -0.385287 0.0132512
0.589197 -0.622117 0.515574 -3.0677 -0.541335 0.169769 0.823489 0.101588 -0.599836 -0.764296 -0.236746 -0.28225
0.414583 -0.768737 0.486995 -2.53436 -0.695977 0.0769322 0.713931 -0.0903806 -0.586291 -0.634921 -0.503129 0.432928
0.387907 -0.676604 0.625887 -3.03933 -0.784745 0.11372 0.609298 0.102202 -0.483429 -0.727513 -0.486848 0.936625
0.496107 -0.516186 0.698162 -3.3255 -0.772563 0.104547 0.626272 0.582756 -0.396263 -0.850072 -0.346919 0.759705
0.54458 -0.452098 0.706428 -3.27949 -0.783462 0.0264266 0.620878 1.01688 -0.299366 -0.891577 -0.33981 0.732822
0.480821 -0.424111 0.767425 -3.36302 -0.867527 -0.103022 0.486604 1.47922 -0.127312 -0.899731 -0.417463 1.24679
0.375735 -0.650517 0.660039 -2.57772 -0.926643 -0.273322 0.258123 1.69523 0.0124896 -0.708606 -0.705493 2.16102
0.279116 -0.653216 0.703849 -2.75481 -0.950649 -0.291401 0.106547 1.91142 0.135504 -0.698852 -0.702314 3.06596
0.278446 -0.628981 0.725845 -2.8642 -0.952309 -0.279001 0.123554 1.93419 0.124798 -0.725632 -0.676671 3.36986
0.25615 -0.699513 0.667135 -2.62578 -0.952098 -0.301828 0.0490858 2.01748 0.167024 -0.647751 -0.743318 3.98975
0.411005 -0.575322 0.707163 -2.60354 -0.910872 -0.290858 0.29277 2.21721 0.0372472 -0.764465 -0.643589 3.22886
0.27455 -0.423757 0.863164 -3.39338 -0.932424 -0.336671 0.131297 3.03963 0.234964 -0.840882 -0.487554 4.14612
0.350404 -0.379616 0.856218 -3.01127 -0.875983 -0.456365 0.156157 4.07175 0.331469 -0.80475 -0.492449 4.14592
0.426882 -0.573021 0.699585 -2.10074 -0.846976 -0.524418 0.0872749 4.08107 0.316865 -0.629788 -0.7092 4.63886
0.457882 -0.602451 0.653756 -1.85759 -0.843598 -0.526472 0.105688 4.10138 0.280512 -0.5999 -0.749289 4.81504
0.374138 -0.494311 0.784651 -2.64098 -0.896402 -0.409599 0.169386 3.91392 0.237663 -0.766737 -0.596348 4.8954
0.383366 -0.474315 0.7925 -2.68821 -0.902358 -0.375303 0.211888 3.87634 0.196926 -0.796349 -0.571881 4.94203
0.504991 -0.48539 0.713709 -2.07303 -0.850144 -0.422586 0.314128 4.12183 0.149129 -0.765387 -0.626053 4.71953
0.58512 -0.466415 0.663394 -1.85487 -0.81007 -0.374197 0.451402 3.94414 0.0377 -0.80152 -0.596779 4.29964
0.615884 -0.430749 0.659653 -1.78116 -0.787739 -0.349879 0.507002 4.19532 0.012408 -0.831889 -0.554803 4.26515
0.6927 -0.412854 0.59137 -1.53252 -0.716049 -0.295615 0.632365 4.07801 -0.0862567 -0.861489 -0.500396 3.84901
0.64803 -0.403821 0.645744 -1.94158 -0.743889 -0.153743 0.650378 3.87447 -0.163358 -0.901827 -0.400028 3.63106
0.63257 -0.358815 0.686372 -2.33328 -0.746448 -0.0460834 0.663846 3.95124 -0.206568 -0.93227 -0.296988 3.23726
0.628169 -0.347752 0.69604 -2.27534 -0.764711 -0.110831 0.634771 4.15231 -0.1436 -0.931013 -0.335551 3.47424
0.567681 -0.303752 0.765162 -2.81069 -0.808714 -0.0318795 0.587337 4.70218 -0.154012 -0.952218 -0.263746 3.63956
0.487126 -0.345785 0.801961 -2.82117 -0.873308 -0.199671 0.44437 4.71212 0.00647159 -0.916823 -0.399241 4.52023
0.513624 -0.301248 0.803393 -2.79892 -0.857768 -0.157819 0.489211 5.05547 -0.020583 -0.940395 -0.33946 4.70308
0.585955 -0.27926 0.760704 -2.53063 -0.80927 -0.153357 0.567067 4.86473 -0.0417001 -0.94789 -0.315857 4.29172
0.550578 -0.276233 0.787756 -2.5848 -0.833496 -0.234299 0.500388 5.06864 0.0463464 -0.932094 -0.359239 4.83573
0.634549 -0.18369 0.750737 -2.10944 -0.764761 -0.289676 0.575525 5.4082 0.111752 -0.939333 -0.324292 5.20302
0.60262 -0.171499 0.779383 -2.21602 -0.781347 -0.325442 0.532527 5.76006 0.162316 -0.929879 -0.330118 5.78002
0.608719 -0.182823 0.772035 -2.1414 -0.778684 -0.324134 0.537205 5.56369 0.152029 -0.928177 -0.339667 5.82151
0.5365 -0.232814 0.811151 -2.20709 -0.804581 -0.431092 0.408423 5.49032 0.254594 -0.871755 -0.418599 6.80552
0.625496 -0.132362 0.768918 -1.84576 -0.749993 -0.373685 0.545774 5.77071 0.215093 -0.918063 -0.333009 6.66152
0.603506 -0.149924 0.783137 -2.10252 -0.782652 -0.299146 0.545863 6.23279 0.152435 -0.942356 -0.297875 7.07985
0.623422 -0.0832157 0.777445 -1.89608 -0.752464 -0.334047 0.567635 6.49875 0.212467 -0.938876 -0.270869 7.44109
0.671447 -0.0231695 0.74069 -1.79661 -0.720704 -0.253033 0.645414 6.89863 0.172465 -0.96718 -0.186597 7.35146
0.716262 0.107085 0.689566 -1.66887 -0.664862 -0.195425 0.720949 7.74043 0.211961 -0.974855 -0.0687788 7.86459
0.639805 0.12205 0.758784 -1.71116 -0.681876 -0.365306 0.633716 7.8506 0.354534 -0.922852 -0.150502 8.81053
0.730048 0.161587 0.664018 -1.86146 -0.651592 -0.128377 0.747627 8.69908 0.206052 -0.978473 0.011567 8.59162
0.800275 0.225914 0.555448 -1.81939 -0.576084 0.0326187 0.81674 9.4042 0.166395 -0.973601 0.156249 8.61775
0.849401 0.267942 0.454671 -1.71207 -0.50298 0.150177 0.851151 9.86536 0.159778 -0.951659 0.26233 8.53447
0.856005 0.281905 0.433342 -1.799 -0.489723 0.17365 0.85441 10.2466 0.165613 -0.943597 0.286701 8.83104
0.857265 0.284345 0.429238 -1.93487 -0.48843 0.185369 0.852686 10.5932 0.16289 -0.940631 0.297793 9.13673
0.879763 0.323084 0.34876 -1.97531 -0.427784 0.217936 0.877214 11.2965 0.207407 -0.920935 0.329942 9.73291
0.904442 0.374597 0.204112 -1.86424 -0.314047 0.260836 0.912874 12.0495 0.28872 -0.889742 0.353552 10.2998
0.903218 0.424018 0.0663841 -1.63824 -0.20349 0.286907 0.936096 12.4684 0.377875 -0.859007 0.345423 10.6162
0.886042 0.457288 0.0762698 -1.6271 -0.214458 0.258433 0.941924 12.4389 0.41102 -0.850941 0.327052 10.7721
0.86794 0.492887 -0.0611819 -1.30315 -0.0876017 0.273173 0.957968 12.617 0.488883 -0.826099 0.280275 10.9953
0.862872 0.418762 -0.283002 -1.10806 0.0287685 0.51833 0.854697 13.3036 0.504603 -0.745636 0.435205 10.7403
0.831838 0.459493 -0.311308 -0.988669 0.135525 0.375758 0.916755 13.5245 0.538218 -0.804781 0.250297 11.3565
0.806377 0.388644 -0.445771 -0.933253 0.27625 0.418939 0.864972 14.4012 0.522917 -0.820638 0.23046 11.5728
0.810349 0.489564 -0.321964 -0.839192 0.540803 -0.413393 0.732556 14.9602 0.225535 -0.767746 -0.59975 13.3072
0.823446 0.433855 -0.36566 -0.603422 0.517361 -0.838728 0.169919 15.7468 -0.232969 -0.329097 -0.915107 14.7132
0.662365 0.425825 -0.616397 -0.214096 0.653077 -0.731341 0.196549 16.1576 -0.367101 -0.532742 -0.762511 14.5884
0.753373 0.386137 -0.532285 -0.326636 0.552578 -0.810545 0.194099 16.3166 -0.356492 -0.440358 -0.824014 15.1294
0.721774 0.352522 -0.595626 -0.214569 0.524706 -0.839902 0.138736 16.6983 -0.45136 -0.412665 -0.79119 15.4276
0.438039 0.420778 -0.794398 0.441766 0.299993 -0.901454 -0.312064 17.7656 -0.847423 -0.101617 -0.521102 16.033
0.503947 0.333776 -0.796637 0.105731 0.128624 -0.941033 -0.312909 18.4508 -0.854104 0.0552231 -0.517162 15.9778
0.656825 0.267378 -0.705046 0.175712 -0.197174 -0.841587 -0.502847 18.7353 -0.727808 0.469299 -0.500055 17.5103
0.541462 0.346725 -0.765899 0.457695 -0.435145 -0.663901 -0.608181 19.7795 -0.719352 0.662584 -0.208602 17.9166
0.479271 0.4005 -0.780961 0.752397 -0.409757 -0.68478 -0.602641 20.0188 -0.776143 0.608832 -0.164087 18.3282
0.448743 0.454004 -0.769747 1.30237 -0.677445 -0.38894 -0.624335 21.1843 -0.582836 0.801627 0.133029 19.9508
0.456725 0.425138 -0.781448 1.35322 -0.797863 -0.192763 -0.571189 22.1037 -0.393468 0.884364 0.251162 20.8821
0.480843 0.183961 -0.857292 0.671123 -0.8768 0.104793 -0.469298 23.0124 0.0035062 0.977331 0.211686 22.6886
0.459484 0.2051 -0.864181 0.674338 -0.883951 0.200499 -0.42241 23.7277 0.0866308 0.957985 0.273424 22.9204
0.422275 0.144397 -0.894893 0.381932 -0.87467 0.324095 -0.360437 24.3927 0.237984 0.93494 0.263157 23.5306
0.343296 0.125539 -0.9308 0.0924418 -0.82884 0.50664 -0.23736 25.5918 0.441783 0.852969 0.277979 24.7099
0.302261 0.133847 -0.943781 -0.104932 -0.747607 0.647533 -0.1476 26.5952 0.591374 0.750191 0.295789 24.7874
0.226227 0.128517 -0.965559 -0.409339 -0.746679 0.659448 -0.0871711 27.421 0.625533 0.740683 0.245146 26.9582
0.199275 0.138292 -0.970136 -0.568987 -0.711784 0.700871 -0.0462986 28.1628 0.673538 0.699753 0.238101 27.6968
0.123975 0.104641 -0.986752 -1.11384 -0.668393 0.74379 -0.00510093 28.9063 0.733403 0.660171 0.162153 28.8321
0.0483894 0.0781091 -0.99577 -1.66979 -0.586687 0.809059 0.0349533 29.7736 0.808367 0.582514 0.0849754 29.3947
0.0710752 0.261824 -0.962495 -1.25099 -0.513898 0.836629 0.189636 31.63 0.854902 0.481145 0.194014 30.5695
0.0505824 0.255369 -0.96552 -1.54292 -0.567136 0.803105 0.1827 32.1732 0.822069 0.53834 0.185452 32.3692
0.0970912 0.367443 -0.924964 -1.07852 -0.51189 0.815449 0.270207 33.4587 0.853547 0.447245 0.267264 32.7251
0.0158522 0.35764 -0.933725 -1.75898 -0.536765 0.790916 0.293828 34.5216 0.843583 0.496533 0.204507 35.1952
0.0533182 0.325272 -0.944116 -1.81969 -0.612958 0.757043 0.226205 34.5155 0.788314 0.566643 0.239743 36.3843
0.0312901 0.336502 -0.941163 -2.09306 -0.587493 0.767984 0.255052 35.4772 0.808624 0.544946 0.221723 37.4167
0.089817 0.360226 -0.928531 -1.83414 -0.667164 0.713972 0.212452 35.7062 0.739476 0.600401 0.304457 38.8121
0.152151 0.303885 -0.940481 -1.99193 -0.735966 0.669974 0.097415 35.477 0.6597 0.67734 0.325586 39.9916
0.284531 0.448386 -0.847344 -0.734529 -0.71188 0.690812 0.126511 36.235 0.642081 0.567211 0.515755 39.1786
0.296239 0.6131 -0.73236 0.155611 -0.742384 0.630234 0.227311 37.42 0.600923 0.476354 0.641856 40.2984
0.363185 0.563451 -0.742037 0.0182082 -0.706266 0.685932 0.175172 37.7596 0.607688 0.460455 0.647067 40.3849
0.230508 0.636599 -0.73594 -0.262792 -0.54676 0.71036 0.443218 40.0984 0.804934 0.300217 0.511811 41.1137
0.298734 0.55198 -0.778509 -0.519562 -0.635073 0.723892 0.269561 39.8622 0.712349 0.413882 0.566799 42.3518
0.26294 0.691709 -0.672608 0.14351 -0.651612 0.641437 0.40492 41.2842 0.711522 0.331809 0.619386 43.6663
0.238824 0.70432 -0.668503 -0.0405198 -0.489705 0.68183 0.543413 42.8797 0.838542 0.19759 0.507746 43.7154
0.206192 0.678016 -0.705535 -0.541202 -0.286912 0.731229 0.618858 44.4026 0.935503 0.0748229 0.345304 43.7284
0.39069 0.744383 -0.54153 0.811968 -0.396022 0.66698 0.631114 44.3686 0.83098 -0.0321121 0.555374 43.7964
0.293101 0.805262 -0.515408 0.724607 -0.256014 0.585501 0.769185 46.5267 0.921167 -0.0934973 0.377769 44.8211
0.309954 0.752586 -0.580985 0.364924 -0.223622 0.651644 0.724813 47.202 0.924079 -0.0947372 0.370274 45.5452
0.413967 0.602366 -0.682485 -0.0402906 0.0469809 0.734606 0.676865 47.6928 0.909079 -0.312264 0.275803 44.4842
0.365052 0.532131 -0.76392 -0.699657 0.104558 0.791923 0.601602 48.6942 0.925097 -0.29949 0.233455 45.3893
0.386893 0.4678 -0.794655 -0.932629 0.114238 0.830812 0.544703 49.3154 0.915021 -0.301521 0.267995 46.0986
0.401016 0.469218 -0.786778 -0.816163 0.328453 0.728112 0.601641 50.6181 0.855163 -0.499688 0.137869 45.6738
0.410155 0.479416 -0.775844 -0.849393 0.240065 0.763939 0.598971 51.4351 0.879853 -0.431924 0.198242 46.9217
0.408721 0.35144 -0.842281 -1.30384 0.429984 0.739892 0.517371 52.2364 0.805022 -0.573628 0.151296 46.6828
0.36287 0.314661 -0.877106 -1.7593 0.520463 0.712322 0.470867 53.4773 0.772945 -0.627364 0.0947107 47.1251
0.422398 0.193383 -0.885541 -1.99732 0.433345 0.815004 0.384683 53.5979 0.79611 -0.546234 0.260455 48.1631
0.415232 0.220184 -0.882667 -1.91352 0.544152 0.717437 0.434951 54.6777 0.729028 -0.660911 0.178089 48.1342
0.435875 0.198834 -0.877769 -1.7023 0.662327 0.589482 0.462423 55.2743 0.609374 -0.782928 0.125247 47.7217
0.354631 -0.0286593 -0.934567 -2.89286 0.73761 0.622831 0.260794 56.0351 0.574603 -0.781831 0.242014 48.3644
0.435712 0.169206 -0.884039 -2.25685 0.596007 0.68176 0.42424 57.1611 0.674486 -0.711739 0.196203 49.5789
0.429486 0.36704 -0.82512 -1.5499 0.672133 0.480307 0.56351 58.3236 0.603141 -0.79661 -0.0404145 49.2445
0.46873 0.248683 -0.847614 -1.9488 0.591176 0.624672 0.510193 58.7438 0.656356 -0.740231 0.145787 50.4169
0.399732 0.344185 -0.849559 -2.17643 0.69036 0.49667 0.526044 60.7333 0.603007 -0.796778 -0.0390771 50.7059
0.473655 0.281106 -0.834644 -2.43213 0.49201 0.701562 0.515497 61.4043 0.730463 -0.654821 0.193991 52.5029
0.549433 0.150214 -0.821924 -2.81593 0.373601 0.835724 0.402477 61.6405 0.747359 -0.528206 0.403054 53.6737
0.595465 0.329729 -0.732599 -2.30853 0.00236527 0.91117 0.412023 62.1892 0.803378 -0.247078 0.54179 55.2762
0.585872 0.450838 -0.673424 -2.13183 -0.2486 0.890891 0.380147 63.2001 0.771332 -0.0553045 0.634026 56.7575
0.46988 0.523543 -0.710715 -1.78029 -0.236813 0.850382 0.469861 63.0004 0.850372 -0.0524718 0.523559 56.5619
0.291341 0.706085 -0.645418 -1.21377 -0.406233 0.702149 0.584775 63.7914 0.86608 0.0918214 0.4914 57.3711
0.173959 0.719949 -0.671871 -0.912989 -0.737395 0.547434 0.395683 63.3292 0.652677 0.426602 0.626118 58.4771
0.347624 0.683385 -0.641984 -1.27794 -0.876219 0.48049 0.0370186 64.3692 0.333765 0.54965 0.765824 60.5236
0.51078 0.538093 -0.670492 -1.96882 -0.793602 0.595028 -0.127035 64.7025 0.330605 0.596991 0.73096 61.1774
0.522002 0.541061 -0.659368 -2.20915 -0.750336 0.658901 -0.0533409 66.1075 0.405598 0.522592 0.749926 62.026
0.565398 0.616032 -0.54848 -2.28019 -0.820216 0.349773 -0.452664 66.6143 -0.0870119 0.705807 0.70304 64.5662
0.4168 0.708641 -0.569303 -1.89678 -0.901464 0.241768 -0.359041 67.7913 -0.116792 0.662855 0.739583 65.6605
0.421271 0.675659 -0.604993 -2.14914 -0.904194 0.261077 -0.33804 68.5093 -0.0704496 0.689438 0.720911 66.3488
0.282984 0.758609 -0.586884 -1.68357 -0.917147 0.0349833 -0.39701 69.3302 -0.280644 0.650606 0.705656 68.0699
0.190066 0.754313 -0.6284 -1.4053 -0.851399 -0.192081 -0.488082 69.4938 -0.48887 0.627787 0.605713 69.6719
-0.0795152 0.783664 -0.616074 -0.794139 -0.960544 -0.225476 -0.162837 70.7226 -0.26652 0.578818 0.770673 69.5727
-0.0301255 0.806314 -0.590719 -0.862198 -0.932363 -0.235677 -0.274144 71.8293 -0.360266 0.542506 0.758878 71.2396
-0.108336 0.745963 -0.657116 -0.888581 -0.918401 -0.328124 -0.221077 72.1944 -0.380531 0.579545 0.720641 71.9704
-0.226027 0.657771 -0.718505 -0.886914 -0.89968 -0.423756 -0.104916 72.4933 -0.373482 0.62271 0.687563 72.4513
-0.190768 0.547419 -0.814825 -1.26991 -0.857281 -0.497273 -0.133372 72.8275 -0.478201 0.673091 0.564156 73.648
-0.122831 0.5332 -0.837025 -1.52803 -0.86056 -0.477317 -0.177775 73.6227 -0.494316 0.698474 0.51748 75.0343
-0.00470671 0.258858 -0.965904 -2.8491 -0.923075 -0.372611 -0.0953601 74.2747 -0.384591 0.891153 0.240699 75.8531
-0.327709 -0.145254 -0.933546 -3.81813 -0.944552 0.0287319 0.327102 74.8722 -0.0206904 0.988977 -0.146616 74.5331
-0.208941 -0.102313 -0.972562 -3.91249 -0.969345 -0.109806 0.219801 75.4984 -0.129282 0.988673 -0.0762332 76.1325
-0.486932 -0.0508268 -0.87196 -3.70002 -0.867616 0.143239 0.476156 76.493 0.100697 0.988382 -0.113846 75.6491
-0.463798 -0.112555 -0.878762 -3.81782 -0.88591 0.0507042 0.461077 76.8649 -0.00733965 0.992351 -0.12323 76.7032
-0.552016 0.00581801 -0.833813 -3.84583 -0.807847 0.24397 0.536527 78.1654 0.206547 0.969765 -0.129975 76.99
-0.631009 0.237719 -0.738456 -3.5589 -0.627846 0.402632 0.666106 79.4935 0.455672 0.883955 -0.104814 77.0258
-0.71284 0.368281 -0.596848 -2.9413 -0.5174 0.298355 0.802049 80.1269 0.473452 0.880542 -0.0221311 77.3774
-0.626979 0.586976 -0.512208 -2.61701 -0.413436 0.306553 0.857377 81.3956 0.660279 0.749322 0.0504751 77.7998
-0.766932 0.489579 -0.414882 -2.37807 -0.362723 0.202612 0.909605 81.6901 0.529384 0.848092 0.0221918 78.3764
-0.807662 0.516086 -0.285198 -2.18548 -0.218555 0.187207 0.957699 82.4209 0.547646 0.835828 -0.0384072 78.5759
-0.765377 0.612443 -0.197765 -2.47035 -0.013156 0.292335 0.956225 83.482 0.643447 0.734475 -0.21569 78.4559
-0.829511 0.548281 -0.106295 -2.34162 0.0478861 0.259449 0.964569 84.0035 0.556433 0.795031 -0.241471 78.8712
-0.858257 0.512496 -0.0272499 -3.06051 0.206428 0.393333 0.895922 84.6497 0.469875 0.763306 -0.443374 78.7504
-0.738387 0.674362 0.00454604 -2.5315 0.251781 0.269419 0.929527 85.8433 0.625613 0.687495 -0.368727 79.0915
-0.522029 0.843184 -0.128557 -2.11334 0.0603724 0.186874 0.980527 87.0671 0.850789 0.504102 -0.148459 80.3666
-0.900941 0.421448 0.103377 -2.13644 0.217405 0.232203 0.94806 86.6328 0.375554 0.87662 -0.300826 80.3318
-0.93961 0.325858 0.104642 -1.88289 0.181946 0.216632 0.959149 87.0205 0.289878 0.920264 -0.262839 81.028
-0.934915 0.339225 0.104208 -1.75979 0.176401 0.189443 0.965916 87.7441 0.307922 0.921432 -0.236953 81.4892
-0.923804 0.379378 0.05157 -2.04442 0.142897 0.216687 0.965726 88.3984 0.355201 0.899511 -0.254388 82.2764
-0.946749 0.315328 0.065067 -1.88019 0.133479 0.200488 0.970561 88.8796 0.293 0.927563 -0.231902 82.6874
-0.98334 0.0780182 0.164179 -1.50238 0.176047 0.183826 0.967065 88.742 0.0452682 0.979858 -0.194499 82.4426
-0.981167 -0.0518806 0.186062 -1.20179 0.174003 0.180832 0.967999 88.6911 -0.0838662 0.982145 -0.168399 82.4559
-0.987272 0.0616506 0.146605 -1.45321 0.154807 0.161271 0.974693 89.6774 0.0364473 0.984983 -0.168763 83.1397
-0.983017 -0.0535707 0.175519 -1.57051 0.161519 0.201444 0.966091 89.2573 -0.0871114 0.978034 -0.18937 83.2011
-0.998365 0.0562601 -0.0101069 -1.29891 0.00679825 0.292428 0.956263 90.3212 0.056755 0.954631 -0.292332 85.0098
-0.999109 -0.00713493 -0.0416058 -1.09401 -0.041759 0.311237 0.949414 90.4384 0.00617524 0.950306 -0.311257 85.5304
-0.974432 -0.112578 -0.194443 0.0629967 -0.214585 0.209788 0.953909 91.3529 -0.066597 0.971244 -0.228582 85.975
-0.96631 -0.0309677 -0.255512 0.095566 -0.256974 0.171912 0.951005 92.3352 0.014475 0.984626 -0.174078 86.4814
-0.975228 0.0143552 -0.220735 -0.411802 -0.203198 0.336189 0.919613 92.1764 0.08741 0.941685 -0.324944 87.3076
-0.972932 -0.0783238 -0.217412 -0.182162 -0.230944 0.363059 0.902692 91.8757 0.00823115 0.928469 -0.37132 87.6779
-0.931523 -0.127722 -0.340517 0.364822 -0.362492 0.401765 0.840942 92.485 0.0294009 0.906792 -0.420552 88.5676
-0.909514 -0.178763 -0.37527 0.64924 -0.414109 0.467922 0.780745 92.4741 0.0360287 0.865501 -0.499609 89.3169
-0.885921 -0.104047 -0.452016 0.534652 -0.425641 0.569622 0.703108 93.2608 0.184322 0.815295 -0.548927 90.321
-0.759479 -0.0702037 -0.646733 1.10776 -0.597543 0.468293 0.65088 95.0282 0.257166 0.88078 -0.397608 90.876
-0.726477 -0.0137356 -0.687053 1.08625 -0.590255 0.524448 0.61364 95.6677 0.351895 0.851332 -0.389107 91.5455
-0.80015 0.308123 -0.514606 0.194318 -0.389595 0.385341 0.836497 96.305 0.456043 0.869812 -0.188287 91.2679
-0.738945 0.205996 -0.641503 0.370757 -0.381264 0.65717 0.650204 96.4339 0.555516 0.725047 -0.407074 92.6549
-0.461221 0.0611238 -0.885178 1.20816 -0.579601 0.734606 0.352727 98.068 0.671817 0.675735 -0.303388 93.8787
-0.505819 0.147442 -0.849946 1.01283 -0.497 0.755515 0.426835 98.3421 0.70508 0.638324 -0.308875 94.3176
-0.474257 0.378252 -0.794988 0.657294 -0.445338 0.675878 0.58725 99.1406 0.759444 0.632546 -0.15209 94.4178
-0.252847 0.533337 -0.80723 0.0355208 -0.184691 0.79239 0.581383 100.485 0.949714 0.296089 -0.101851 95.6177
-0.307316 0.339936 -0.88882 0.717911 -0.363589 0.82121 0.439791 100.91 0.879409 0.45832 -0.128774 96.2313
-0.303238 0.366869 -0.879462 1.07713 -0.547149 0.688584 0.4759 101.703 0.780176 0.625507 -0.00807224 96.3511
-0.165781 0.464641 -0.869842 0.575935 -0.330876 0.804711 0.492911 102.77 0.928998 0.369525 0.0203331 97.4309
-0.0710424 0.403289 -0.912311 0.778856 -0.349499 0.846576 0.401446 103.742 0.934239 0.347372 0.0808063 98.2443
-0.305158 -0.045441 -0.951217 0.462626 0.254827 0.958539 -0.127541 103.396 0.917574 -0.281316 -0.280926 101.206
-0.239883 -0.163131 -0.956998 0.480893 0.364719 0.898425 -0.244568 104.488 0.899687 -0.407703 -0.156019 102.456
-0.302991 -0.30636 -0.902408 0.594153 0.430678 0.800689 -0.416431 105.089 0.850125 -0.514822 -0.11066 104.002
-0.38669 -0.356113 -0.850679 0.374985 0.525939 0.672562 -0.520624 105.548 0.757535 -0.648725 -0.0727795 105.689
-0.405496 -0.207006 -0.890349 0.236162 0.429343 0.816765 -0.385435 105.816 0.806993 -0.538557 -0.242318 105.509
-0.442817 -0.0104578 -0.896551 0.186117 0.267226 0.952949 -0.143102 106.128 0.855864 -0.30295 -0.419187 104.906
-0.587704 -0.0673847 -0.806265 0.27371 0.190112 0.957123 -0.218569 105.957 0.786423 -0.281735 -0.549694 105.8
-0.430399 -0.0522381 -0.901126 0.030812 0.322797 0.923397 -0.207704 107.274 0.842947 -0.380276 -0.380566 106.611
-0.396703 0.113822 -0.910863 0.0958599 0.209819 0.977257 0.0307369 108.204 0.893646 -0.178923 -0.411563 106.184
-0.275464 0.0290612 -0.960872 0.762718 0.0529282 0.998485 0.0150253 109.544 0.959853 -0.0467183 -0.276585 106.796
-0.266593 0.0430629 -0.962847 0.492054 0.112705 0.99354 0.0132298 110.179 0.957197 -0.104991 -0.269724 107.596
-0.204721 -0.00387508 -0.978813 1.15509 -0.0709079 0.997424 0.0108818 111.264 0.976249 0.0716332 -0.204468 108.123
-0.309784 0.0722111 -0.948061 1.7584 -0.31234 0.934048 0.173202 112.04 0.898041 0.349772 -0.266798 107.961
-0.229659 0.148615 -0.961858 1.27195 -0.20378 0.959026 0.196834 112.862 0.951699 0.241212 -0.189964 108.677
0.11647 0.196809 -0.973499 0.997461 -0.140884 0.973533 0.17996 114.373 0.983151 0.116191 0.141115 109.825
0.374741 0.126102 -0.918514 1.09435 -0.142981 0.986715 0.0771313 115.644 0.916038 0.102425 0.387793 111.26
0.627315 0.0917773 -0.773339 1.47208 -0.189748 0.981117 -0.0374839 117.046 0.755296 0.170254 0.632884 112.821
0.537452 0.0702663 -0.840362 1.0701 -0.144586 0.989444 -0.00973838 117.508 0.830807 0.126739 0.541939 113.381
0.0957427 0.184583 -0.978142 1.34984 -0.236005 0.958847 0.157841 117.623 0.967024 0.215734 0.135365 112.886
0.228701 0.0272065 -0.973117 1.42776 -0.313806 0.948311 -0.0472373 118.224 0.921532 0.316173 0.225417 114.413
0.252208 -0.0087639 -0.967633 1.09312 -0.279562 0.95666 -0.0815307 118.916 0.92641 0.291076 0.238827 115.252
0.286013 -0.129998 -0.949367 0.459131 -0.208407 0.958599 -0.194048 119.466 0.935288 0.253355 0.24708 116.282
0.465083 -0.0654608 -0.882844 0.361559 -0.256237 0.94462 -0.205027 120.538 0.847373 0.321572 0.422553 117.527
0.285051 0.0188163 -0.958328 0.585622 -0.300053 0.951308 -0.0705714 121.202 0.910337 0.307666 0.276818 117.679
0.337675 0.107108 -0.935149 0.657834 -0.372683 0.927526 -0.0283375 122.126 0.86434 0.358083 0.35312 118.555
0.477542 0.0933179 -0.873639 0.15584 -0.365335 0.925397 -0.10085 123.104 0.799052 0.367331 0.476008 119.755
0.62055 -0.102467 -0.777443 -0.554565 -0.373685 0.832975 -0.408059 123.489 0.689403 0.54374 0.478613 121.596
0.490139 -0.251611 -0.834539 -1.50824 -0.244993 0.879067 -0.408925 124.121 0.836506 0.404887 0.369222 121.964
0.325366 -0.19878 -0.924459 -1.23783 -0.272693 0.916394 -0.293021 124.773 0.905415 0.347433 0.243957 122.121
-0.0623117 -0.363584 -0.929475 -1.13052 -0.267016 0.90341 -0.335488 124.805 0.961675 0.22728 -0.153376 122.054
0.15424 -0.41455 -0.89686 -2.57399 -0.193626 0.87744 -0.438872 125.887 0.968875 0.241347 0.0550688 123.379
0.0335217 -0.0978261 -0.994639 -2.75946 0.00661528 0.995198 -0.0976582 127.487 0.999416 -0.00330614 0.0340079 123.3
-0.464204 -0.0428287 -0.884692 -2.42967 0.18883 0.971082 -0.146091 127.569 0.865366 -0.234873 -0.442693 122.715
-0.536885 0.215001 -0.8158 -2.99899 0.456027 0.887499 -0.0662182 128.849 0.709784 -0.407578 -0.574531 122.457
-0.565157 0.303986 -0.766935 -3.47078 0.582174 0.805632 -0.109682 129.78 0.584526 -0.508478 -0.632281 122.45
-0.338829 0.421854 -0.840972 -3.38618 0.585547 0.79419 0.16247 131.222 0.73643 -0.437379 -0.51611 123.428
-0.526346 0.514638 -0.676836 -2.47244 0.644945 0.760379 0.0766159 131.159 0.554082 -0.396195 -0.732136 123.59
-0.528141 0.325153 -0.784438 -2.20029 0.381682 0.916106 0.122755 131.39 0.758542 -0.234574 -0.607938 125.045
-0.357519 0.287526 -0.888543 -2.15159 0.188052 0.954103 0.233075 132.162 0.914777 -0.0837634 -0.39518 126.301
-0.132685 0.595515 -0.792311 -1.74322 0.103942 0.803331 0.586391 133.567 0.985693 -0.00454926 -0.168489 127.282
-0.40249 0.44983 -0.79728 -2.71826 0.400963 0.869579 0.288203 134.118 0.82294 -0.203681 -0.530362 127.055
-0.153901 0.315855 -0.936243 -2.91635 0.0433836 0.948778 0.312952 134.85 0.987133 0.00754604 -0.159721 128.817
-0.636709 0.352632 -0.685749 -3.12937 0.456871 0.888924 0.0329117 134.982 0.621184 -0.292344 -0.727094 127.713
-0.609064 0.193146 -0.769244 -2.97381 0.241841 0.968932 0.0518021 135.301 0.75535 -0.154484 -0.636852 128.908
-0.513931 0.290364 -0.807195 -2.42683 0.161521 0.956895 0.241375 135.967 0.842488 -0.00632848 -0.538678 129.845
-0.60638 0.276134 -0.74569 -1.88137 0.0846731 0.954859 0.284736 136.19 0.790654 0.109518 -0.602389 130.42
-0.379099 0.378758 -0.84429 -1.83509 -0.0469263 0.903352 0.426325 137.133 0.924166 0.201239 -0.324686 131.559
-0.3063 0.225833 -0.924759 -2.23108 -0.245695 0.919783 0.305997 137.688 0.919682 0.320935 -0.226244 132.621
-0.655841 0.103692 -0.747743 -3.0403 0.0595793 0.994541 0.0856596 138.168 0.752544 0.0116291 -0.658439 132.283
-0.520032 0.338977 -0.784003 -2.18321 0.0343468 0.925435 0.377346 138.953 0.853456 0.169304 -0.492899 133.14
-0.13522 0.532653 -0.835462 -1.55957 -0.384329 0.74899 0.539727 139.785 0.91324 0.394074 0.103435 134.785
-0.298157 0.738708 -0.604494 -1.48598 0.162737 0.663366 0.730385 140.8 0.940542 0.119396 -0.318002 134.351
-0.580921 0.310198 -0.752535 -1.57718 -0.275949 0.794728 0.54061 140.407 0.765757 0.521712 -0.376075 135.208
-0.237376 0.206015 -0.949321 -1.48047 -0.777078 0.546157 0.31283 140.742 0.582926 0.811955 0.0304455 136.847
-0.331796 0.56074 -0.758605 -1.07442 -0.546691 0.541061 0.639047 141.834 0.768791 0.626756 0.12703 137.03
-0.292638 0.731478 -0.615876 -1.02421 -0.374059 0.505177 0.777738 142.857 0.880024 0.457969 0.125782 137.5
0.0419276 0.891519 -0.451039 -0.810973 -0.65304 0.366113 0.662949 144.208 0.756162 0.266751 0.597547 139.188
0.0796798 0.866088 -0.493501 -0.970573 -0.79393 0.354505 0.493965 144.921 0.602765 0.352446 0.71586 140.489
0.0435572 0.942293 -0.331943 -0.470764 -0.884379 0.190925 0.425936 145.49 0.464733 0.275011 0.84166 141.188
0.000491708 0.955575 -0.294749 -0.349378 -0.916323 0.11846 0.382518 146.081 0.40044 0.269897 0.875673 141.892
0.0680609 0.968893 -0.237938 -0.683659 -0.538521 0.236441 0.808759 147.267 0.839859 0.0730895 0.537861 141.711
0.0752006 0.970608 -0.228617 -0.823641 -0.291945 0.240651 0.925665 148.067 0.953474 -0.00286679 0.301461 141.924
-0.00839172 0.923848 -0.382668 -1.35292 0.0743112 0.382199 0.921087 148.879 0.9972 -0.020707 -0.0718596 142.151
0.143895 0.988033 -0.0555444 -0.671971 -0.0747469 0.0668199 0.994961 149.51 0.986766 -0.139018 0.0834674 142.668
0.0841938 0.994133 -0.0678971 -0.717182 -0.335739 0.0924568 0.937407 150.625 0.938185 -0.0561281 0.341554 143.998
0.13454 0.987259 -0.0849685 -0.83915 -0.210289 0.112242 0.971175 151.63 0.968338 -0.112794 0.222711 144.58
