-1.29698e-06 1 -3.34714e-05 3.5774 1 1.32451e-06 0.000822388 4.6848 0.000822388 -3.34703e-05 -1 4.67629
-6.89137e-05 0.999996 0.00277131 4.56587 0.999985 5.39224e-05 0.00540915 4.66618 0.00540898 0.00277165 -0.999982 4.69528
0.000183547 0.999774 0.021276 5.53264 0.999922 -0.000449343 0.0124887 4.65256 0.0124954 0.021272 -0.999696 4.66129
-0.00091954 0.999632 0.0271078 6.5179 0.997155 -0.00112674 0.0753748 4.57039 0.0753776 0.0271 -0.996787 4.64728
-0.00194521 0.997251 0.0740658 7.44623 0.996526 -0.0042339 0.0831789 4.53018 0.0832639 0.0739703 -0.993778 4.66242
-0.00046651 0.997814 0.0660892 8.42233 0.995929 -0.00549366 0.0899731 4.48069 0.0901395 0.0658622 -0.993749 4.6342
0.00633939 0.999903 0.012379 9.48302 0.998227 -0.00706048 0.0591038 4.48913 0.0591855 0.0119823 -0.998175 4.58331
0.0108764 0.999822 -0.0154487 10.5366 0.970037 -0.00679986 0.242861 4.04186 0.242712 -0.0176273 -0.969938 4.54415
0.0121861 0.999146 0.0394845 11.3987 0.931698 -0.025682 0.362325 3.54055 0.36303 0.0323723 -0.931215 4.50495
0.022051 0.999714 -0.00928103 12.5351 0.832532 -0.0132219 0.55382 2.60182 0.553539 -0.019939 -0.832585 4.39016
0.0201989 0.99945 0.0262859 13.3941 0.93731 -0.0280789 0.347364 2.97098 0.347911 0.0176217 -0.937362 4.41661
0.0290726 0.992148 0.121641 13.9587 0.952192 -0.0645124 0.298611 2.86406 0.304113 0.107144 -0.946591 4.37283
0.0773664 0.9671 -0.242347 16.6092 0.95267 -3.02624e-05 0.304008 2.81358 0.293998 -0.254397 -0.921329 4.23393
0.129342 0.987483 0.0902613 16.182 0.850495 -0.157277 0.501918 1.5007 0.509832 0.0118478 -0.860192 3.87082
0.148295 0.948148 0.281114 16.0482 0.807704 -0.280141 0.518782 0.831394 0.570634 0.150124 -0.807366 3.59353
0.0405616 0.912076 0.408009 16.1222 0.470376 -0.377697 0.797553 -2.06073 0.881533 0.159568 -0.444339 2.74369
0.103685 0.947806 0.301517 17.4318 0.484159 -0.312906 0.817116 -2.56557 0.868815 0.06126 -0.491333 2.37009
0.156678 0.958006 0.240158 18.4953 0.57352 -0.286215 0.767565 -2.8813 0.804069 0.0174749 -0.594279 2.18794
0.286217 0.931523 0.224376 18.7716 0.93706 -0.321008 0.137374 -0.104193 0.199994 0.170935 -0.964771 3.41719
0.387605 0.910526 0.143892 20.1717 0.906275 -0.404946 0.121182 0.665984 0.168607 0.0834346 -0.982146 3.35306
0.446327 0.779525 0.439469 19.1215 0.869265 -0.494311 -0.00602663 1.22757 0.212536 0.384705 -0.898237 3.17806
0.317196 0.899228 0.301291 19.7498 0.933063 -0.352742 0.0704691 -1.03725 0.169646 0.258771 -0.950925 3.4716
0.230853 0.687642 0.688372 18.6658 0.716171 -0.599 0.358188 -2.12104 0.65864 0.410303 -0.63075 1.42992
0.124196 0.748184 0.651764 18.8987 0.646923 -0.559107 0.518546 -3.92824 0.752374 0.357239 -0.553456 0.681187
0.315702 0.745924 0.586455 19.3235 0.775588 -0.558918 0.293384 -3.50275 0.546622 0.362226 -0.754981 1.32353
0.384638 0.897321 -0.216491 23.6569 0.923006 -0.371174 0.101439 -3.34141 0.0106681 -0.23884 -0.971 3.2817
0.512832 0.857509 -0.0410165 24.1641 0.771504 -0.439388 0.46013 -5.6749 0.376543 -0.267614 -0.886904 1.66694
0.469997 0.761676 -0.44604 27.1862 0.882666 -0.404702 0.238989 -5.53773 0.00151883 -0.506029 -0.862515 2.7325
0.388385 0.851056 -0.353356 27.6216 0.860195 -0.472358 -0.192203 -4.0547 -0.330486 -0.229306 -0.915531 3.66064
0.224646 0.742408 -0.631161 30.3567 0.789319 -0.518458 -0.328903 -3.92446 -0.571411 -0.424301 -0.702466 5.19425
0.404905 0.883288 -0.236334 29.3573 0.7913 -0.468012 -0.393459 -3.69418 -0.458145 -0.0276977 -0.888446 4.05245
0.422406 0.859744 -0.287077 30.5102 0.855687 -0.482701 -0.186544 -5.10126 -0.298953 -0.16685 -0.939568 4.03979
0.43723 0.891554 0.11816 29.3179 0.866407 -0.38233 -0.321191 -4.27946 -0.241183 0.242809 -0.939614 4.193
0.481336 0.875946 -0.0321715 30.5419 0.867674 -0.481354 -0.124256 -5.91805 -0.124327 0.0318942 -0.991729 3.54232
0.46722 0.875608 -0.12254 32.1607 0.81175 -0.479751 -0.333018 -4.95573 -0.350382 0.0561204 -0.934924 4.53246
0.495763 0.865144 -0.0757972 32.6702 0.847089 -0.500961 -0.177421 -6.06886 -0.191466 0.0237516 -0.981212 4.39691
0.571918 0.820213 0.0126438 32.7611 0.693211 -0.475007 -0.542058 -4.31599 -0.438597 0.318778 -0.840246 3.9087
0.606632 0.709323 -0.358967 35.1198 0.386036 -0.657566 -0.646981 -3.68332 -0.694963 0.253905 -0.672725 2.71147
0.518527 0.752096 -0.406794 36.409 0.139483 -0.543775 -0.827558 -1.38162 -0.843608 0.37237 -0.386866 2.43969
0.526199 0.645189 -0.553936 38.139 -0.0133716 -0.645055 -0.764019 -1.32208 -0.850256 0.409434 -0.3308 1.09948
0.333856 0.68122 -0.651521 39.888 -0.418782 -0.51203 -0.749964 0.491167 -0.844489 0.523225 0.114339 -1.50032
0.30115 0.619084 -0.725289 42.2759 -0.442819 -0.582823 -0.681344 2.13665 -0.844524 0.526358 0.0986245 -1.42919
0.0582882 0.676006 -0.734587 44.7757 -0.698741 -0.497917 -0.513654 3.95659 -0.712996 0.543226 0.443331 -3.85814
0.740609 0.106742 -0.663404 45.4724 -0.329136 -0.803117 -0.496661 -0.0981225 -0.585806 0.586182 -0.559663 -1.71839
0.981395 0.185478 -0.0496217 43.6134 0.0795554 -0.62804 -0.774104 0.708858 -0.174744 0.755754 -0.631111 -0.429067
0.96221 0.230956 -0.144262 44.371 -0.0586351 -0.341619 -0.938008 2.78443 -0.265921 0.911019 -0.315167 -2.08781
0.973493 0.0590915 -0.220949 48.2082 -0.0995702 -0.760201 -0.642013 3.58819 -0.205903 0.646995 -0.734167 -0.91883
0.987846 -0.0801016 0.133204 48.2155 -0.00523756 -0.873651 -0.486525 3.15094 0.155345 0.479914 -0.863452 0.445116
0.995962 -0.0518809 -0.0732693 49.8671 -0.0875978 -0.740322 -0.666521 4.76134 -0.0196631 0.670248 -0.741877 -1.02768
0.877284 -0.311559 -0.365107 53.4995 -0.411653 -0.879563 -0.238562 3.45787 -0.246808 0.359584 -0.899881 -1.08462
0.83718 -0.446533 -0.315814 54.4585 -0.519372 -0.830045 -0.203172 2.81682 -0.171417 0.334116 -0.926813 -1.56941
0.712889 -0.372636 -0.59408 57.0951 -0.579638 -0.789929 -0.200077 3.27416 -0.394725 0.486984 -0.779127 -3.45615
0.66757 -0.742779 -0.0512827 57.6432 -0.7437 -0.668511 0.00164076 2.51253 -0.0355018 0.0370436 -0.998683 -1.0318
0.440503 -0.820939 0.363341 57.0444 -0.858409 -0.503659 -0.097269 2.02114 0.262852 -0.269048 -0.926565 -0.283184
0.328576 -0.768691 0.548773 58.1957 -0.916603 -0.399647 -0.010992 1.74811 0.227765 -0.499395 -0.835899 0.881853
0.237035 -0.762969 0.601408 59.1245 -0.96871 -0.232513 0.0868257 1.2713 0.0735899 -0.603171 -0.79421 0.125481
0.0483513 -0.668579 0.742067 59.1544 -0.994496 0.0369165 0.0980596 0.781055 -0.0929552 -0.742724 -0.663114 -1.36875
0.0842967 -0.471164 0.878008 60.1738 -0.955565 0.211562 0.205273 -0.52889 -0.28247 -0.856298 -0.432394 0.363392
-0.00437982 -0.278774 0.960347 60.1072 -0.893562 0.432218 0.121391 -0.825937 -0.448919 -0.857597 -0.250994 -0.742387
-0.0951287 -0.385235 0.917902 60.8011 -0.928981 0.365682 0.0571966 -0.405659 -0.357694 -0.847272 -0.392663 0.0198886
-0.116536 -0.487702 0.865197 61.3125 -0.949911 0.309075 0.0462754 -0.746168 -0.289979 -0.816468 -0.499292 1.81795
0.00619498 -0.636182 0.771514 63.1922 -0.929906 0.280066 0.238406 -1.24767 -0.367745 -0.718913 -0.589854 1.64005
-0.138306 -0.786356 0.602093 63.8679 -0.984343 0.176219 0.00403532 -0.258458 -0.109273 -0.592107 -0.798416 3.01836
-0.316695 -0.717549 0.620345 63.9984 -0.948268 0.224225 -0.224745 0.98125 0.0221693 -0.659429 -0.75144 3.18934
-0.0753222 -0.954829 0.28745 66.161 -0.980602 0.123241 0.152419 -0.973012 -0.180959 -0.270393 -0.94559 4.48844
-0.269335 -0.596532 0.756048 66.6238 -0.889644 0.454731 0.041862 -0.0667424 -0.36877 -0.661339 -0.653176 1.41381
-0.370109 -0.23098 0.899816 65.4523 -0.805234 0.562784 -0.186741 0.618201 -0.463269 -0.793677 -0.394284 0.494877
-0.535196 -0.330764 0.777277 66.1967 -0.743575 0.621083 -0.247694 1.42062 -0.400825 -0.710529 -0.578349 1.08918
-0.331029 -0.184176 0.925472 64.2557 -0.811775 0.555605 -0.179791 0.744391 -0.481083 -0.810791 -0.333431 0.669341
-0.514596 0.201065 0.833525 65.7526 -0.522624 0.697113 -0.490813 2.68713 -0.679747 -0.688191 -0.25365 -1.72106
-0.586336 -0.385902 0.712243 68.188 -0.589715 0.806143 -0.0486895 1.67896 -0.55538 -0.448569 -0.700242 0.0733727
-0.112476 -0.681499 0.723124 69.1966 -0.649132 0.601382 0.465798 -1.38556 -0.752315 -0.417012 -0.510023 -1.1123
0.259109 -0.714007 0.650428 69.0113 -0.498048 0.478215 0.723366 -3.69866 -0.827533 -0.511375 -0.2317 -2.74102
-0.0127605 -0.691398 0.722362 69.7693 -0.509677 0.626025 0.590188 -3.54691 -0.860271 -0.36064 -0.360378 -3.17566
-0.811452 -0.119482 0.572075 70.6361 -0.181123 0.982096 -0.0517937 0.194425 -0.555644 -0.145644 -0.818564 -2.42378
-0.643803 -0.0946332 0.759317 72.5477 -0.153712 0.98809 -0.00718278 -0.510319 -0.749594 -0.12134 -0.650681 -4.84666
-0.520324 -0.308652 0.796239 73.8021 -0.191708 0.950818 0.243296 -2.03741 -0.832172 -0.0260521 -0.553905 -5.91027
-0.936944 -0.16816 0.306364 75.6361 -0.0486137 0.930816 0.362241 -1.97101 -0.346083 0.324506 -0.880297 -3.55013
-0.643415 -0.470186 0.604104 76.0484 -0.0485034 0.812599 0.580801 -4.19566 -0.763979 0.344395 -0.545644 -5.97627
-0.95614 0.28816 -0.0525335 77.3719 0.267972 0.932968 0.240337 -1.40906 0.118268 0.215718 -0.969267 -3.25364
-0.582488 0.624415 -0.520398 79.5635 0.506457 0.77956 0.368494 -0.480258 0.635774 -0.0489157 -0.770324 -1.12242
-0.779089 0.607383 -0.155262 80.2392 0.520773 0.764903 0.379104 -1.64034 0.349021 0.2145 -0.912236 -3.36693
-0.923189 0.312518 0.223729 80.0604 0.380994 0.667403 0.639857 -4.69679 0.0506495 0.675948 -0.735207 -3.86993
-0.799175 0.577719 -0.166011 82.0981 0.274473 0.596432 0.754276 -5.64291 0.534774 0.557234 -0.635222 -1.8281
-0.190331 0.680088 -0.707994 85.2548 0.312785 0.725603 0.612916 -4.87016 0.930559 -0.104793 -0.350826 0.0674907
0.0353537 0.188833 -0.981373 87.2741 0.628986 0.758895 0.168683 -2.19711 0.776612 -0.623234 -0.0919433 0.141606
0.137002 -0.222523 -0.965253 90.0413 0.821145 0.570524 -0.0149768 -0.879237 0.554033 -0.790561 0.260886 1.84393
-0.0058422 -0.502547 -0.86453 92.1542 0.892678 0.386999 -0.230993 0.809822 0.450657 -0.773097 0.446352 2.46161
-0.342095 -0.630135 -0.697066 92.4439 0.636399 0.390423 -0.665257 3.40196 0.691352 -0.671193 0.267455 2.54305
-0.537415 -0.730932 -0.420624 92.7378 0.251572 0.337111 -0.907231 6.24301 0.804921 -0.593376 0.00271359 2.64067
-0.303821 -0.546234 -0.780591 93.6278 0.39267 0.674702 -0.62497 4.70155 0.868045 -0.496394 0.00950159 2.151
-0.181111 -0.540482 -0.821632 93.2984 0.213982 0.793776 -0.569325 4.87922 0.959901 -0.278925 -0.0281078 0.809398
0.0568873 -0.437029 -0.897646 93.9058 0.196448 0.886425 -0.419116 3.97685 0.978863 -0.152499 0.13628 -0.257638
0.435224 -0.841641 -0.31972 96.5296 0.616315 0.537382 -0.575653 3.50179 0.656305 0.0534896 0.752597 -4.41906
0.502415 -0.791916 -0.347058 97.8882 0.657218 0.6106 -0.441851 2.92896 0.561823 -0.00610045 0.827235 -5.77524
0.421696 -0.460291 -0.78122 98.1453 0.413095 0.864492 -0.286368 2.92983 0.807171 -0.201958 0.554696 -4.78152
0.779674 -0.102823 -0.617686 102.11 0.590219 0.450166 0.670069 -1.506 0.209163 -0.887005 0.411671 -5.12457
0.617 -0.0668025 -0.784123 102.239 0.503362 0.799412 0.327974 -0.529015 0.604928 -0.597058 0.526863 -6.27069
0.290556 0.449878 -0.844504 104.091 0.664454 0.540222 0.516392 -0.792531 0.688533 -0.711175 -0.141958 -3.83858
0.0384793 0.305395 -0.951448 105.285 0.622177 0.737747 0.261964 0.196835 0.78193 -0.60205 -0.161622 -4.46509
-0.0884155 0.752949 -0.652112 108.1 0.772474 0.46515 0.432342 -0.229712 0.628862 -0.465514 -0.62276 -2.33811
-0.148967 0.754365 -0.63933 109.099 0.716496 0.527935 0.45598 -0.549315 0.6815 -0.390152 -0.619144 -2.1572
-0.267303 0.465451 -0.843745 110.408 0.646494 0.735922 0.201158 0.377101 0.714559 -0.491706 -0.497625 -3.86546
0.1644 0.065887 -0.984191 112.369 0.631448 0.759498 0.156322 -0.74505 0.75779 -0.647164 0.0832572 -7.82473
0.0536671 0.465654 -0.883338 113.525 0.897064 0.366095 0.247489 -0.436791 0.43863 -0.805693 -0.398074 -6.15307
0.38865 0.322218 -0.863207 114.763 0.894746 0.0916647 0.437067 -1.2315 0.219956 -0.942217 -0.252678 -8.08763
0.816673 -0.310124 -0.486691 114.47 0.0265466 -0.822258 0.568496 -3.85725 -0.57649 -0.477195 -0.663283 -8.74541
0.426578 -0.292292 -0.855919 116.25 -0.356188 -0.924156 0.138076 -3.66218 -0.831361 0.245968 -0.498335 -6.4632
0.319802 -0.504997 -0.801689 116.776 -0.646373 -0.734938 0.205104 -3.40628 -0.692769 0.452597 -0.561451 -7.91229
-0.0188708 -0.246915 -0.968853 118.137 -0.972237 -0.221518 0.0753914 -2.8792 -0.233234 0.943378 -0.23588 -6.22949
0.440388 0.257438 -0.860107 118.988 -0.306206 0.943636 0.125657 -3.96004 0.843977 0.208032 0.494395 -1.43459
0.735323 -0.213119 -0.643335 119.016 0.295895 0.95497 0.0218496 -4.48483 0.60971 -0.206426 0.765273 -1.80693
0.648686 -0.128624 -0.750108 121.524 0.118539 0.990662 -0.0673619 -3.91993 0.751768 -0.0452203 0.657875 -2.92934
0.71693 -0.377929 -0.585816 122.585 0.375157 0.91741 -0.132729 -3.56602 0.587595 -0.124615 0.799502 -3.68851
0.171611 -0.974953 0.141479 120.573 0.907885 0.212265 0.361507 -4.43802 -0.382484 0.0664085 0.921573 -3.04975
0.219269 -0.930454 0.293558 121.66 0.879529 0.31874 0.353317 -3.00763 -0.422314 0.180721 0.888251 -3.39959
-0.291541 -0.865815 0.406655 121.496 0.773723 0.0365265 0.63247 -3.56163 -0.562456 0.499029 0.659252 -2.7119
-0.852216 -0.523145 -0.00682153 122.999 0.374591 -0.619216 0.690111 -5.99378 -0.365252 0.585568 0.723672 -2.28662
-0.95334 -0.264768 -0.145055 124.585 0.114762 -0.762231 0.637051 -7.33829 -0.279236 0.590679 0.75705 -2.84768
-0.943205 -0.283738 -0.172792 125.57 0.0682402 -0.674511 0.735104 -7.78045 -0.325127 0.681562 0.655565 -1.85605
-0.646308 -0.642305 0.411984 126.283 0.72522 -0.349085 0.593461 -6.3526 -0.237366 0.682337 0.691428 -3.92038
-0.137045 -0.558267 0.818264 125.37 0.888993 0.295053 0.350193 -5.77329 -0.436932 0.775424 0.45586 -3.93121
-0.358206 -0.387631 0.849371 126.077 0.704325 0.484991 0.518373 -7.05278 -0.612874 0.783917 0.099292 -3.11169
-0.194976 -0.0160419 0.980677 124.665 0.387816 0.917123 0.0921071 -8.1096 -0.900879 0.398281 -0.172596 -2.43031
-0.105357 0.0972658 0.989666 124.546 0.0197096 0.995214 -0.0957128 -8.0918 -0.994239 0.00942197 -0.106769 -2.02191
0.31604 -0.199261 0.927585 124.418 0.124655 0.977941 0.167606 -7.1272 -0.940521 0.0626576 0.333908 -4.17858
0.531783 -0.578568 0.618438 124.805 0.378749 0.815633 0.43737 -5.69344 -0.757467 0.00164675 0.652872 -7.06838
0.836348 0.0226586 0.547731 123.613 -0.117347 0.983386 0.138499 -4.63035 -0.535493 -0.180108 0.825111 -7.38663
0.594473 0.487146 0.639759 123.622 -0.419238 0.866682 -0.270375 -5.19892 -0.686179 -0.10748 0.719449 -7.15181
0.233636 0.786967 0.57105 123.904 -0.405055 0.612691 -0.678631 -6.29288 -0.883937 -0.0727538 0.461911 -6.6441
0.0232427 0.917404 0.397279 124.098 -0.37643 0.376171 -0.846638 -6.40973 -0.926153 -0.12987 0.354082 -6.89164
-0.46676 0.853356 -0.232203 125.01 -0.0799478 -0.302199 -0.949887 -6.08548 -0.880763 -0.424805 0.209278 -5.1111
-0.350967 0.507868 -0.786697 126.598 0.443508 -0.64977 -0.617332 -6.59639 -0.824696 -0.56557 0.00280461 -2.97869
-0.159555 0.60929 -0.776729 127.324 0.350958 -0.700398 -0.621507 -7.12365 -0.922698 -0.371763 -0.102083 -3.85502
0.0664148 0.706421 -0.704669 128.376 0.1595 -0.704663 -0.691383 -7.98175 -0.984961 -0.0664766 -0.159474 -5.41727
0.666923 0.469444 -0.57865 130.27 0.319866 -0.881757 -0.346685 -10.303 -0.672978 0.0461218 -0.738223 -3.82998
0.538292 0.28857 -0.791814 131.8 0.364399 -0.926877 -0.0900666 -9.30885 -0.759905 -0.240054 -0.604085 -3.56396
0.531144 0.191718 -0.825306 133.041 0.168005 -0.978554 -0.119194 -10.6195 -0.830458 -0.0753462 -0.551962 -5.14032
0.579632 0.060615 -0.812621 134.126 0.159471 -0.986385 0.0401723 -10.1089 -0.799122 -0.152875 -0.581406 -4.50703
0.192513 -0.0441676 -0.9803 136.365 0.239342 -0.966703 0.0905574 -9.53895 -0.951659 -0.25206 -0.175532 -6.03417
0.300317 -0.343113 -0.88999 138.354 0.129566 -0.909738 0.394448 -10.1232 -0.944998 -0.233772 -0.228754 -5.15642
0.275908 -0.437049 -0.856074 139.634 0.111105 -0.870174 0.480056 -11.0197 -0.954741 -0.227565 -0.19153 -6.07513
0.491038 -0.637222 -0.593995 139.795 -0.253809 -0.756928 0.602196 -12.6054 -0.833344 -0.14494 -0.533413 -5.25273
0.325281 -0.667686 -0.669618 142.328 -0.0994079 -0.728348 0.677958 -13.0736 -0.940378 -0.153961 -0.303291 -6.17706
0.511653 -0.524337 -0.680648 141.05 -0.57575 -0.797256 0.181367 -11.9495 -0.637749 0.299087 -0.709806 -6.30239
0.494701 -0.767626 -0.407456 141.539 -0.86235 -0.491746 -0.120575 -12.127 -0.107808 0.411018 -0.90523 -4.17167
0.354341 -0.78738 -0.504455 142.944 -0.93302 -0.261595 -0.247064 -11.5031 0.0625702 0.558212 -0.827336 -4.0458
0.391919 -0.831551 -0.393601 144.317 -0.887892 -0.453917 0.0748814 -13.2117 -0.24093 0.320128 -0.916227 -4.67108
0.450243 -0.838746 -0.306245 144.885 -0.840666 -0.513782 0.171198 -14.0253 -0.300935 0.180369 -0.936432 -5.21066
0.427468 -0.902751 -0.0480672 144.916 -0.888922 -0.42941 0.159452 -14.8124 -0.164586 -0.0254326 -0.986035 -4.37419
0.350079 -0.935528 0.0472471 145.734 -0.920942 -0.334526 0.199895 -15.7764 -0.171202 -0.113491 -0.978678 -3.73682
0.0518614 -0.993652 -0.0998287 147.665 -0.989245 -0.0648053 0.131128 -15.9246 -0.136765 0.0919546 -0.986326 -3.19876
-0.0131457 -0.976165 0.21663 147.084 -0.999856 0.0105174 -0.013281 -16.4494 0.0106861 -0.216773 -0.976164 -1.61183
-0.142459 -0.973852 0.176968 148.115 -0.989697 0.142734 -0.0112366 -16.8587 -0.0143167 -0.176746 -0.984152 -1.31493
-0.668553 -0.724127 -0.169341 150.71 -0.734982 0.678083 0.00210388 -16.3703 0.113304 0.125869 -0.985555 0.0149851
-0.674311 -0.718109 -0.172117 151.657 -0.719562 0.691344 -0.0653735 -16.2912 0.165937 0.0797666 -0.982905 -0.318518
-0.816615 -0.557997 -0.147582 153.454 -0.577115 0.793306 0.193916 -17.7262 0.00887307 0.243526 -0.969854 0.686763
-0.385593 -0.835129 0.392272 151.532 -0.834543 0.497 0.237759 -19.8924 -0.393518 -0.23569 -0.888591 1.81855
-0.381873 -0.896092 0.226256 152.877 -0.569643 0.420986 0.705887 -23.411 -0.727791 0.140674 -0.671216 3.36885
-0.70228 -0.708048 -0.0739592 155.478 -0.374235 0.278803 0.88443 -26.0677 -0.605599 0.648796 -0.460775 4.08619
-0.714418 -0.699486 -0.0180761 156.264 -0.242924 0.223718 0.943895 -28.4427 -0.656197 0.678727 -0.32975 4.57092
-0.818454 -0.569143 -0.0788058 157.895 -0.160905 0.0953684 0.982351 -31.0917 -0.551583 0.816689 -0.169632 4.52182
-0.428985 -0.808304 0.403256 156.212 -0.242897 0.533198 0.810371 -30.3806 -0.870042 0.249687 -0.425069 3.48239
-0.449485 -0.760871 0.468016 156.521 -0.333542 0.628986 0.70223 -31.5174 -0.828682 0.159539 -0.536501 4.82762
-0.00630843 -0.602256 0.798278 154.579 -0.540039 0.673923 0.504169 -31.3785 -0.841617 -0.42792 -0.329493 5.11404
-0.106897 -0.789508 0.604359 155.029 -0.135559 0.613739 0.777784 -33.698 -0.984986 0.00121667 -0.172631 3.22909
-0.257726 -0.496264 0.829035 155.147 -0.328562 0.851902 0.40781 -32.5196 -0.908638 -0.167286 -0.382611 3.74057
-0.180796 -0.536235 0.824478 154.892 -0.0327968 0.841114 0.539863 -33.8471 -0.982974 0.0705648 -0.169657 2.25067
-0.0504481 -0.61684 0.785471 154.244 0.243993 0.755029 0.608604 -35.6705 -0.968464 0.222352 0.112415 0.691889
-0.40687 -0.493578 0.76866 155.412 0.347725 0.694426 0.629969 -36.4175 -0.844716 0.523597 -0.110912 0.378736
-0.755453 -0.19581 0.625259 157.046 0.319368 0.723207 0.612352 -36.5054 -0.572097 0.662291 -0.483814 0.872614
-0.825489 0.0758754 0.559294 158.173 0.444178 0.698726 0.560793 -36.6823 -0.348243 0.711355 -0.610493 0.580362
-0.716202 -0.0716412 0.694206 156.868 0.490016 0.65666 0.573308 -39.3074 -0.49693 0.750776 -0.435196 -0.19363
-0.426342 0.153331 0.891472 157.417 0.858754 0.378255 0.345636 -38.9831 -0.284207 0.912915 -0.292939 -2.73508
-0.596094 0.350933 0.722162 158.494 0.802569 0.286819 0.523085 -40.1676 -0.0235623 0.891393 -0.452619 -2.47115
-0.891147 0.116567 0.438485 157.591 0.20179 0.967416 0.152927 -39.7473 -0.406371 0.224762 -0.885632 0.764454
-0.887835 0.347233 0.301958 158.495 0.409298 0.895782 0.17335 -41.0148 -0.210296 0.277497 -0.937428 0.805851
-0.76492 0.484662 0.424263 157.896 0.636489 0.66985 0.382339 -43.5823 -0.0988873 0.562498 -0.820864 -0.5922
-0.970841 0.232471 0.0585246 158.699 0.234554 0.97159 0.0315918 -44.3054 -0.0495177 0.0443978 -0.997786 2.48957
-0.70737 0.704592 -0.0563755 160.061 0.669689 0.69357 0.265476 -46.4978 0.226153 0.150036 -0.962468 1.10223
-0.66607 0.73807 0.107722 159.774 0.745854 0.657648 0.105835 -46.6252 0.00727039 0.150838 -0.988532 0.130448
-0.660421 0.738851 0.133953 159.789 0.740534 0.670394 -0.0467097 -46.9207 -0.124313 0.068349 -0.989886 -0.242011
-0.594414 0.661727 -0.456935 162.862 0.752983 0.65747 -0.0273944 -48.9955 0.282294 -0.360348 -0.889078 1.6003
-0.605631 0.603283 -0.518903 163.883 0.753946 0.643599 -0.131703 -49.6484 0.254511 -0.470989 -0.844626 1.15457
-0.931669 0.200478 -0.302987 164.279 0.334802 0.797589 -0.501756 -48.4772 0.141068 -0.568912 -0.810209 1.86755
-0.987191 -0.000779696 0.159542 163.109 -0.0759809 0.881604 -0.465834 -47.2764 -0.14029 -0.471989 -0.87037 2.44985
-0.909054 0.0733998 0.410163 160.987 0.0331089 0.993974 -0.104494 -47.3319 -0.415361 -0.081411 -0.906006 2.6003
-0.823406 0.564282 -0.0598958 162.698 0.564395 0.825337 0.0166433 -50.3311 0.0588258 -0.0201007 -0.998066 3.09456
-0.941694 0.299184 -0.153949 164.277 0.33122 0.904785 -0.267689 -50.1933 0.0592027 -0.303072 -0.951127 3.17102
-0.425104 0.819415 -0.384508 164.402 0.856689 0.501366 0.121312 -53.6888 0.292184 -0.277833 -0.915116 1.58849
0.386761 0.904268 0.180876 161.603 0.854726 -0.425143 0.297822 -57.3646 0.346209 0.0394133 -0.937329 0.625329
0.465385 0.862075 0.200605 161.324 0.825966 -0.504445 0.251625 -58.8911 0.318114 0.0485905 -0.946806 0.572933
0.714095 0.590074 0.376672 159.947 0.623503 -0.780743 0.0410328 -60.7481 0.318296 0.205555 -0.925438 1.41324
0.105908 0.986134 -0.12776 162.031 0.983785 -0.122614 -0.130891 -59.5164 -0.144741 -0.111826 -0.98313 1.81242
0.606369 0.793812 0.0466743 161.244 0.779854 -0.605124 0.160162 -62.6951 0.155382 -0.0607181 -0.985987 0.993101
0.57899 0.811874 0.0750356 159.172 0.763322 -0.50741 -0.399843 -61.586 -0.286548 0.288781 -0.913507 1.31603
0.084847 0.969443 -0.230175 160.891 0.787245 -0.206828 -0.580919 -61.321 -0.610775 -0.131915 -0.780738 1.49804
0.477185 0.830405 -0.287616 160.528 0.769641 -0.552875 -0.319347 -63.0786 -0.424203 -0.068973 -0.902937 -0.829238
0.635114 0.73145 -0.248214 160.318 0.68973 -0.681702 -0.244037 -64.5898 -0.347709 -0.0162097 -0.937462 -0.893259
0.280907 0.803081 -0.525502 162.138 0.809463 -0.492422 -0.319829 -65.0308 -0.515618 -0.335532 -0.788389 -2.2494
0.0288673 0.859834 -0.509757 162.993 0.82054 -0.311626 -0.479169 -65.3716 -0.570859 -0.404444 -0.714524 -1.41569
-0.31115 0.813043 -0.492083 164.863 0.660227 -0.18751 -0.727283 -65.046 -0.683583 -0.551181 -0.47845 -2.79522
-0.0897469 0.94103 -0.326204 164.11 0.757102 -0.148341 -0.636232 -65.3773 -0.647102 -0.304069 -0.699143 -1.87307
-0.348668 0.886231 -0.304999 165.377 0.710406 0.037628 -0.702785 -65.528 -0.611354 -0.461712 -0.642704 -1.32312
0.29514 0.880899 -0.370012 163.513 0.911087 -0.376114 -0.168698 -68.3846 -0.287773 -0.287324 -0.913582 -1.37826
0.641211 0.583691 -0.49815 163.782 0.672396 -0.74019 -0.00179533 -70.3469 -0.369773 -0.333803 -0.867089 -2.55879
0.735343 0.39678 -0.549396 163.954 0.455822 -0.889485 -0.0322982 -71.234 -0.501494 -0.226677 -0.834938 -3.58137
0.701713 0.701505 -0.124455 162.247 0.703322 -0.70995 -0.0361834 -72.4126 -0.11374 -0.0621418 -0.991565 -2.86749
0.388931 0.885733 0.253398 160.259 0.807765 -0.195598 -0.556109 -70.4843 -0.443 0.420974 -0.791538 -3.91748
0.450998 0.892447 -0.0117752 162.399 0.576322 -0.301267 -0.759665 -69.9595 -0.681508 0.335821 -0.650208 -4.44825
0.72639 0.682712 0.0791293 161.919 0.687254 -0.720474 -0.0927352 -73.2794 -0.00630082 0.121744 -0.992542 -2.80104
0.915254 0.391771 0.0939482 162.565 0.348776 -0.887224 0.301975 -75.5481 0.201658 -0.243617 -0.948675 -1.96847
0.827044 0.560771 -0.0391791 164.207 0.52152 -0.739408 0.425784 -76.3505 0.209798 -0.372575 -0.903976 -0.786101
0.899229 0.416911 0.132562 163.117 0.356762 -0.874216 0.329344 -77.3635 0.253195 -0.248863 -0.934858 -1.60329
0.76009 0.649405 -0.0231431 163.744 0.636664 -0.751361 -0.17354 -76.125 -0.130087 0.117172 -0.984555 -3.62618
0.81468 0.513912 -0.268683 165.397 0.435405 -0.848088 -0.301944 -76.2681 -0.383039 0.129002 -0.91468 -4.88887
0.955443 -0.150563 -0.25389 166.35 -0.168148 -0.984547 -0.0489144 -78.059 -0.242602 0.0894259 -0.965995 -5.3922
0.984459 -0.0913363 0.149992 164.862 -0.0797769 -0.993486 -0.0813661 -79.5199 0.156447 0.0681357 -0.985333 -4.19531
0.97717 -0.0834101 -0.1954 166.749 -0.110427 -0.985118 -0.131713 -79.3993 -0.181506 0.150284 -0.971839 -5.80991
0.732766 -0.597178 0.32624 165.509 -0.631292 -0.775543 -0.00168143 -82.1874 0.254017 -0.204721 -0.945285 -4.79279
0.944139 -0.0337935 0.327811 164.673 0.0315846 -0.98087 -0.192084 -82.268 0.328031 0.191708 -0.92501 -3.57711
0.94667 0.247905 0.205815 165.267 0.303943 -0.899081 -0.315074 -82.5147 0.106936 0.360827 -0.926482 -3.6331
0.845594 -0.36347 0.390973 164.857 -0.293169 -0.928256 -0.228894 -83.5257 0.446119 0.0789305 -0.891486 -4.80763
0.955506 0.15235 0.252581 164.993 0.185621 -0.976048 -0.113471 -85.0454 0.229243 0.155306 -0.960899 -3.49576
0.903063 0.417975 0.0988649 165.694 0.429326 -0.885133 -0.179495 -85.9531 0.0124844 0.20454 -0.978779 -3.34089
0.492484 0.86975 0.0315384 166.812 0.787604 -0.429966 -0.441371 -86.0705 -0.370322 0.242208 -0.89677 -2.922
0.810794 0.560527 -0.168592 166.146 0.542937 -0.827818 -0.141194 -88.6977 -0.218707 0.0229448 -0.975521 -2.59756
0.963361 -0.264897 -0.0420159 165.19 -0.24281 -0.927906 0.282901 -91.9383 -0.113927 -0.262334 -0.958228 -2.8917
0.919114 -0.373012 0.126856 164.168 -0.393676 -0.88237 0.257762 -93.2168 0.0157852 -0.286853 -0.957845 -2.49479
0.297518 -0.853285 0.428237 162.47 -0.950192 -0.308264 0.0459164 -94.7916 0.0928302 -0.420569 -0.902499 -3.33713
0.84657 -0.531139 0.0347919 163.398 -0.531183 -0.847212 -0.00871346 -94.2466 0.0341042 -0.0111043 -0.999357 -3.11638
0.485822 -0.828905 0.277299 162.29 -0.86364 -0.50407 0.00630782 -96.1986 0.134549 -0.242551 -0.960763 -3.67949
0.289141 -0.91552 0.279678 161.273 -0.917813 -0.348155 -0.190809 -96.678 0.272061 -0.201521 -0.940942 -3.72916
0.595394 -0.773246 0.218168 162.356 -0.801276 -0.551593 0.231738 -99.3438 -0.0588501 -0.312788 -0.947998 -4.5961
0.567603 -0.820973 0.06189 162.735 -0.823197 -0.567129 0.0266756 -99.2685 0.0131997 -0.0660889 -0.997726 -5.06177
0.76682 -0.524579 -0.369871 165.075 -0.62768 -0.733322 -0.261259 -98.3939 -0.134184 0.432499 -0.891594 -5.42464
0.867641 -0.302948 -0.394235 165.35 -0.454496 -0.804744 -0.381865 -98.9949 -0.201573 0.5105 -0.835917 -3.96383
0.625286 0.266606 -0.733443 167.461 -0.0504098 -0.924073 -0.378876 -101.051 -0.778766 0.273879 -0.56437 -3.4508
0.775283 0.163685 -0.610035 168.463 -0.226418 -0.829622 -0.510355 -100.987 -0.589636 0.533793 -0.60613 -4.34327
0.682271 -0.023183 -0.730732 168.641 -0.33974 -0.895078 -0.288812 -102.925 -0.647366 0.445307 -0.618562 -5.54689
0.630807 -0.774532 -0.0467203 167.076 -0.612426 -0.460002 -0.64291 -101.437 0.476462 0.434165 -0.764516 -3.79926
0.178761 -0.982976 -0.0424477 167.052 -0.446071 -0.0425161 -0.893987 -99.8767 0.876964 0.178745 -0.446077 -3.96588
0.141837 -0.987192 0.0730318 167.401 -0.354495 -0.11954 -0.927385 -99.8771 0.924238 0.105648 -0.36691 -2.96133
0.0462328 -0.908021 0.416365 166.084 -0.454067 -0.390364 -0.800899 -101.438 0.889767 -0.15203 -0.43035 -3.18234
0.589744 -0.781634 0.203099 167.797 -0.466237 -0.534873 -0.704652 -102.563 0.659412 0.320872 -0.679865 -3.13391
0.378462 -0.88457 0.272584 167.729 -0.474365 -0.438232 -0.763499 -102.219 0.794823 0.159651 -0.585463 -3.29031
0.716222 -0.60182 0.353326 167.065 -0.47343 -0.790976 -0.387584 -104.067 0.512728 0.11032 -0.851434 -2.52333
0.847445 -0.34562 0.402968 164.9 -0.447459 -0.873488 0.191832 -106.91 0.285686 -0.342878 -0.894884 -2.16148
0.536447 0.709358 -0.457205 166.007 0.805508 -0.591986 0.0266456 -111.129 -0.251758 -0.382576 -0.888962 -0.218482
0.507469 0.5794 -0.637786 165.056 0.795805 -0.598967 0.0890653 -113.395 -0.330408 -0.552751 -0.765046 0.341691
0.929287 -0.0530521 -0.365527 163.205 0.14645 -0.855592 0.496502 -114.337 -0.339083 -0.514925 -0.787322 -0.523203
0.884359 -0.398369 -0.243334 160.867 -0.0364806 -0.578657 0.814754 -117.309 -0.46538 -0.711658 -0.526274 -0.420472
0.758356 -0.015045 -0.651667 160.702 0.57614 -0.452145 0.680902 -120.607 -0.304892 -0.891817 -0.334219 1.535
0.699671 0.452246 -0.553114 162.291 0.678109 -0.664154 0.31475 -120.289 -0.225008 -0.595293 -0.771361 2.55019
0.659949 0.590268 -0.464813 162.931 0.711695 -0.689393 0.135013 -121.246 -0.240745 -0.419906 -0.875055 3.39481
0.872429 0.446735 -0.198232 162.623 0.471197 -0.876517 0.0984439 -121.445 -0.129775 -0.179292 -0.975199 4.00358
0.996756 0.032995 0.0734035 160.9 -0.000743934 -0.908275 0.418373 -121.943 0.0804748 -0.417071 -0.905304 2.60902
0.905345 -0.2549 0.33967 159.314 -0.396533 -0.79372 0.46127 -122.55 0.152025 -0.552299 -0.819667 1.68499
0.897705 -0.168891 0.406941 158.246 -0.428819 -0.547035 0.718935 -125.182 0.101189 -0.819896 -0.563499 0.623381
0.843665 0.513751 -0.155847 161.027 0.529271 -0.747245 0.401866 -125.629 0.0900034 -0.421526 -0.902339 1.27302
0.435345 0.883001 -0.175455 163.199 0.881188 -0.457857 -0.117789 -125.601 -0.184341 -0.10333 -0.977416 1.67536
0.0987684 0.918977 -0.381742 164.459 0.905828 -0.241844 -0.347832 -127.003 -0.411972 -0.311437 -0.856321 0.511958
-0.388824 0.838312 -0.382165 166.499 0.736097 0.0332159 -0.676061 -128.265 -0.554055 -0.544179 -0.629994 -0.638858
-0.661862 0.726108 -0.186295 168.301 0.499424 0.241789 -0.831934 -128.576 -0.55903 -0.643665 -0.522667 -1.66568
-0.363841 0.905244 -0.219437 168.437 0.759242 0.151748 -0.632869 -129.265 -0.539602 -0.39687 -0.742512 -0.937695
-0.149416 0.942381 -0.29932 168.351 0.85131 -0.0313691 -0.523724 -130.368 -0.502937 -0.333067 -0.797571 -1.4116
0.0597135 0.989075 0.134779 167.842 0.950095 -0.0148986 -0.311604 -129.291 -0.306191 0.14666 -0.940605 0.206961
0.3209 0.476461 0.81854 164.782 0.492788 -0.822045 0.285308 -129.544 0.808816 0.311812 -0.498589 4.36338
0.285655 0.356997 0.889356 164.245 0.346302 -0.903768 0.251552 -130.306 0.893575 0.236129 -0.381795 5.50671
0.399821 0.485473 0.77747 163.918 0.437461 -0.846446 0.303575 -131.903 0.805464 0.218737 -0.550802 4.482
0.455006 0.779587 0.430365 164.554 0.831674 -0.199303 -0.518263 -131.03 -0.318258 0.593736 -0.739046 0.680928
0.600579 0.678913 0.422352 163.967 0.798668 -0.534393 -0.276682 -133.087 0.0378586 0.503489 -0.863172 0.279938
0.429424 0.731374 0.529799 164.016 0.617936 0.18986 -0.76296 -130.504 -0.658597 0.655015 -0.370413 0.352407
0.330458 0.926045 0.182312 165.753 0.333084 0.0663092 -0.940563 -130.354 -0.883093 0.371542 -0.286538 0.79565
0.30922 0.942201 0.128999 166.064 0.272971 0.0420009 -0.961105 -130.131 -0.910972 0.332406 -0.244206 1.14451
0.753156 0.652586 0.0829932 165.828 0.537902 -0.53829 -0.648772 -132.977 -0.378705 0.533269 -0.756444 1.63802
0.894429 0.377435 0.239874 165.473 0.437672 -0.848967 -0.296139 -134.756 0.0918719 0.369861 -0.924534 2.99065
0.928962 0.118727 0.350618 165.951 0.168389 -0.979033 -0.114624 -137.731 0.329658 0.165521 -0.929477 1.52982
0.713529 -0.143582 0.685755 164.774 -0.19489 -0.980822 -0.00257998 -139.468 0.672974 -0.131806 -0.727828 2.89896
0.806339 -0.198938 0.556992 165.297 -0.177781 -0.979708 -0.0925506 -140.885 0.564102 -0.0243953 -0.825345 0.982013
0.448348 -0.472149 0.758986 163.075 -0.389606 -0.867433 -0.309464 -141.698 0.804482 -0.156958 -0.572863 1.4706
0.647115 -0.323506 0.690352 164.063 -0.362345 -0.927205 -0.0948461 -143.113 0.670782 -0.18877 -0.71723 1.20606
0.249309 -0.764055 0.595033 160.756 -0.370531 -0.64294 -0.670324 -141.677 0.894735 -0.0533605 -0.443397 0.306368
-0.0378612 -0.733707 0.67841 158.343 -0.354986 -0.624741 -0.695474 -142.334 0.934105 -0.267157 -0.236802 1.30291
-0.159618 -0.458824 0.874072 158.045 -0.475959 -0.739946 -0.475335 -144.778 0.864861 -0.491895 -0.100273 0.071795
-0.404545 0.184697 0.895673 155.646 -0.692863 -0.701139 -0.16836 -148.309 0.596896 -0.688688 0.411612 -0.461201
-0.283776 -0.225436 0.932014 155.854 -0.616279 -0.701767 -0.357385 -147.6 0.734624 -0.675797 0.0602131 -1.34726
0.161571 0.0931348 0.982456 156.433 -0.530232 -0.83144 0.166019 -151.009 0.832315 -0.547753 -0.0849538 -1.24294
0.606127 0.0518915 0.793674 157.901 -0.0673875 -0.990931 0.116252 -152.594 0.792508 -0.123947 -0.597133 -0.21369
0.823213 0.0049208 0.567711 159.5 0.234337 -0.913751 -0.331882 -153.006 0.517114 0.406245 -0.753365 0.962382
0.839621 -0.0963639 0.534556 160.617 0.297173 -0.742291 -0.600577 -152.865 0.45467 0.663113 -0.594606 1.39196
0.961036 0.275905 -0.0169354 161.316 0.210959 -0.771647 -0.600047 -156.335 -0.178625 0.573094 -0.799785 2.95296
0.986711 0.077929 0.142579 159.368 0.144142 -0.824826 -0.546704 -157.262 0.0749985 0.55999 -0.825098 2.88892
0.836166 0.471984 -0.279387 160.339 0.155732 -0.69273 -0.704182 -159.167 -0.525903 0.545304 -0.652741 5.0085
0.971117 -0.0389386 0.235407 159.195 0.103125 -0.821194 -0.561254 -159.066 0.215169 0.569319 -0.793459 2.68402
0.853675 0.269149 -0.445867 160.088 0.175297 -0.954651 -0.240649 -163.715 -0.490418 0.127277 -0.862143 4.05288
0.49819 0.529195 -0.686847 162.395 0.367506 -0.846351 -0.385524 -165.107 -0.785331 -0.0603562 -0.616126 3.69233
0.891304 0.45162 -0.0402125 160.753 0.345983 -0.734772 -0.583443 -163.143 -0.293041 0.506112 -0.811158 3.9334
0.85964 0.468193 -0.204486 161.078 0.293317 -0.779991 -0.552793 -164.592 -0.418311 0.415223 -0.80784 2.70777
0.587438 0.735212 -0.338202 162.388 0.266792 -0.570486 -0.776767 -164.834 -0.764028 0.366073 -0.531274 1.61896
0.401519 0.855698 -0.326442 163.396 0.213973 -0.434218 -0.875026 -165 -0.890504 0.281489 -0.357443 2.38105
0.499048 0.864991 -0.0523542 162.941 0.307987 -0.233512 -0.922288 -164.216 -0.809997 0.444142 -0.38294 1.47926
0.444483 0.823548 -0.352426 163.541 0.153643 -0.457685 -0.875739 -166.149 -0.882513 0.335103 -0.329966 0.662101
0.793484 0.591451 -0.143422 161.797 0.332933 -0.619125 -0.711224 -166.974 -0.50945 0.516595 -0.688179 0.549279
0.597189 0.786214 -0.158849 162.861 0.230816 -0.35811 -0.9047 -166.17 -0.768173 0.503611 -0.39533 -0.459426
-0.0796207 0.983881 -0.160122 165.367 -0.328331 -0.177553 -0.927725 -166.023 -0.941201 -0.021293 0.337176 -3.52529
-0.0338571 0.993505 -0.108639 165.677 -0.27535 -0.113767 -0.954589 -165.542 -0.960748 -0.0024059 0.277413 -4.56944
0.308674 0.93566 -0.171057 165.278 -0.0205569 -0.173235 -0.984666 -165.604 -0.950946 0.307458 -0.0342389 -4.64567
0.572988 0.794115 -0.20265 163.822 0.309718 -0.438741 -0.843553 -167.153 -0.758788 0.420581 -0.497345 -4.1366
0.839744 0.498169 -0.216003 163.703 0.271689 -0.729928 -0.627208 -168.455 -0.470122 0.468009 -0.7483 -3.65374
0.233567 0.91934 -0.316639 164.014 0.407251 -0.388201 -0.826709 -168.963 -0.882946 0.0641406 -0.465073 -6.3234
0.966534 0.242603 0.0834039 162.409 0.255558 -0.938933 -0.230423 -169.91 0.0224094 0.244026 -0.96951 -2.77473
0.930918 -0.202052 -0.304248 165.367 -0.216548 -0.976167 -0.0143043 -170.718 -0.294107 0.0792006 -0.952485 -3.99587
0.437552 -0.887633 0.143722 166.814 -0.898114 -0.423581 0.118197 -172.508 -0.0440382 -0.180796 -0.982534 -1.88095
-0.413884 -0.746131 0.521525 168.848 -0.892462 0.445522 -0.0708637 -174.752 -0.179477 -0.494771 -0.850288 0.411886
-0.359247 -0.542588 0.759302 170.345 -0.886501 0.452669 -0.0959559 -177.537 -0.291648 -0.707594 -0.643624 0.833289
-0.645864 -0.494665 0.581521 169.559 -0.758578 0.501739 -0.415712 -178.311 -0.0861337 -0.709623 -0.699297 2.43388
-0.449358 -0.758777 0.471523 169.228 -0.878412 0.279161 -0.387894 -178.206 0.162695 -0.588495 -0.791962 1.84041
-0.425651 -0.76146 0.488877 169.477 -0.882031 0.228473 -0.412094 -179.012 0.202098 -0.606613 -0.76888 2.10905
-0.645979 -0.634987 0.423678 168.562 -0.696894 0.264059 -0.666792 -179.667 0.311528 -0.725992 -0.613095 4.06376
-0.313472 -0.691316 0.651012 170.048 -0.931101 0.0891149 -0.353708 -181.832 0.186509 -0.717036 -0.671621 3.49942
0.519966 -0.419157 0.744274 170.315 -0.813741 -0.508013 0.282396 -184.765 0.259733 -0.752482 -0.605235 2.23806
0.603888 0.224854 0.764696 167.934 -0.642092 -0.431205 0.633861 -185.007 0.472267 -0.873786 -0.116023 0.53235
0.763709 0.489484 0.420896 168.609 -0.069776 -0.585576 0.807608 -188.355 0.641778 -0.646147 -0.413056 -0.548546
0.532985 0.0903251 0.84129 168.535 -0.531807 -0.737587 0.416109 -188.364 0.658109 -0.669184 -0.345087 1.31637
0.570302 0.182464 0.800913 167.942 -0.468542 -0.728593 0.499621 -189.962 0.674703 -0.660196 -0.330026 1.16931
0.151288 -0.0595864 0.986692 167.109 -0.839032 -0.53549 0.0963094 -189.253 0.522625 -0.842437 -0.131008 1.72769
-0.000376679 0.106213 0.994343 167.337 -0.99596 -0.0893342 0.00916517 -189.869 0.0898024 -0.990322 0.105818 -0.359569
0.188397 0.0797638 0.978849 166.95 -0.907821 -0.366085 0.204557 -191.94 0.374658 -0.927157 0.00344214 -0.466908
-0.0607758 0.301602 0.951495 166.16 -0.938219 0.30808 -0.157582 -191.906 -0.340664 -0.902288 0.264245 -2.96733
-0.0639419 -0.206154 0.976428 167.711 -0.997578 -0.0136409 -0.0682069 -192.251 0.0273805 -0.978425 -0.204782 -2.10181
0.19811 -0.181206 0.963284 168.214 -0.958548 -0.241143 0.151774 -194.016 0.204787 -0.953422 -0.221467 -2.72538
0.514262 -0.130784 0.847603 169.486 -0.715167 -0.610878 0.339653 -195.879 0.473361 -0.780848 -0.407683 -2.62663
0.288211 -0.0968106 0.952661 169.184 -0.931101 -0.260619 0.255204 -196.33 0.223575 -0.960576 -0.165254 -4.6109
0.332286 -0.480599 0.811549 169.724 -0.811442 -0.584271 -0.0137631 -196.887 0.480779 -0.653951 -0.584123 -2.57114
0.478545 -0.255629 0.840029 169.197 -0.776973 -0.568936 0.269491 -198.972 0.409033 -0.781643 -0.470878 -4.30144
0.296 -0.54262 0.786096 169.404 -0.820873 -0.565319 -0.0811286 -198.905 0.488418 -0.621271 -0.612757 -3.37893
-0.137824 -0.803044 0.579762 167.752 -0.837511 -0.217997 -0.501051 -198.833 0.528753 -0.554614 -0.642514 -2.34438
0.530665 -0.75828 0.37869 168.843 -0.751171 -0.627706 -0.204273 -201.129 0.392602 -0.17606 -0.9027 -1.19646
0.885179 -0.373366 0.277589 170.64 -0.452728 -0.828735 0.328992 -203.506 0.107214 -0.416889 -0.902612 -3.61745
0.732778 -0.601184 0.31877 170.388 -0.637929 -0.769961 0.0143433 -203.754 0.236817 -0.213863 -0.947724 -3.03457
0.873917 -0.485835 -0.0153175 172.18 -0.479496 -0.856492 -0.191063 -204.8 0.0797057 0.174318 -0.981458 -2.19529
0.908241 -0.335693 -0.249817 173.564 -0.417872 -0.75893 -0.499409 -205.581 -0.0219452 0.557975 -0.829568 -0.613626
0.880265 -0.396955 -0.259923 174.392 -0.445151 -0.501293 -0.741988 -205.503 0.164238 0.768851 -0.617976 -0.072198
0.840488 -0.223 -0.493812 176.017 -0.535306 -0.482758 -0.693103 -206.712 -0.0838295 0.846886 -0.525126 -0.877624
0.840977 -0.328461 -0.429967 176.693 -0.495043 -0.14636 -0.856452 -206.249 0.218381 0.933109 -0.285688 -1.43382
0.804706 -0.120499 -0.581316 178.27 -0.592513 -0.101811 -0.799101 -207.134 0.0371068 0.987479 -0.153325 -0.486006
0.875281 -0.304962 -0.375341 178.795 -0.254713 0.369045 -0.893827 -205.611 0.411101 0.877954 0.24534 -0.562059
0.855602 -0.394886 -0.334679 179.324 -0.124214 0.471035 -0.873325 -205.385 0.502509 0.788791 0.353969 -1.17203
0.672831 -0.739036 -0.0335391 178.903 0.491097 0.48009 -0.726869 -202.978 0.553284 0.472589 0.685957 -0.753592
0.754326 -0.650565 -0.0880773 179.694 0.308715 0.469913 -0.826969 -203.571 0.579386 0.596613 0.555307 -1.1857
0.811635 -0.247645 -0.529075 183.009 -0.417189 0.388242 -0.821719 -204.726 0.408904 0.88766 0.211796 0.229192
0.822641 -0.396447 -0.407543 182.946 -0.357321 0.197055 -0.912957 -204.745 0.442247 0.89666 0.0204464 0.198244
0.765843 -0.333874 -0.549557 184.078 -0.625579 -0.189114 -0.756893 -205.979 0.148778 0.923452 -0.353696 0.998929
0.63562 -0.0590352 -0.769741 186.628 -0.763348 -0.196934 -0.615237 -207.477 -0.115268 0.978638 -0.17024 0.139575
0.605439 0.270073 -0.748668 189.198 -0.778015 0.0025821 -0.62824 -208.579 -0.167738 0.962836 0.211684 -1.92655
0.895692 0.101933 -0.432834 189.05 -0.444307 0.165546 -0.880446 -207.681 -0.0180927 0.98092 0.193568 -3.69989
0.929289 0.110798 -0.352344 189.838 -0.368264 0.204693 -0.906908 -208.074 -0.0283615 0.972535 0.231022 -5.33255
0.934033 0.170131 -0.314066 191.184 -0.353641 0.316897 -0.880065 -208.516 -0.0501999 0.933077 0.356157 -7.32574
